

Solving for n=5 squares
Found better solution with area 63 for W=9 and H=7
Found better solution with area 60 for W=12 and H=5
==================================================
SEARCH STATISTICS
==================================================
  Rectangles tried : 7
  SAT calls        : 3
  UNSAT calls      : 4
  Total conflicts  : 2
  Total decisions  : 41
  Total propagations: 460
  Total restarts   : 3
  Total time       : 0.002s


     W    H Result     Time  Conflicts / Decisions
  ---- ---- ------ --------  ---
     8    7  UNSAT   0.001s
     8    8  UNSAT   0.000s
     9    8    SAT   0.000s
     9    7    SAT   0.000s
    10    6  UNSAT   0.000s
    11    5  UNSAT   0.000s
    12    5    SAT   0.000s
==================================================
Best solution found: 12x5 rectangle with area 60

12x5 rectangle:

5 5 5 5 5 3 3 3 4 4 4 4
5 5 5 5 5 3 3 3 4 4 4 4
5 5 5 5 5 3 3 3 4 4 4 4
5 5 5 5 5 1 2 2 4 4 4 4
5 5 5 5 5 . 2 2 . . . .


Square 1 (size 1) is at (5, 1)
Square 2 (size 2) is at (6, 0)
Square 3 (size 3) is at (5, 2)
Square 4 (size 4) is at (8, 1)
Square 5 (size 5) is at (0, 0)


Solving for n=6 squares
Found better solution with area 99 for W=11 and H=9
==================================================
SEARCH STATISTICS
==================================================
  Rectangles tried : 7
  SAT calls        : 2
  UNSAT calls      : 5
  Total conflicts  : 4
  Total decisions  : 42
  Total propagations: 599
  Total restarts   : 3
  Total time       : 0.003s


     W    H Result     Time  Conflicts / Decisions
  ---- ---- ------ --------  ---
    10   10  UNSAT   0.000s
    11   10    SAT   0.000s
    11    9    SAT   0.000s
    12    8  UNSAT   0.000s
    13    7  UNSAT   0.000s
    14    7  UNSAT   0.001s
    16    6  UNSAT   0.001s
==================================================
Best solution found: 11x9 rectangle with area 99

11x9 rectangle:

. 2 2 3 3 3 5 5 5 5 5
. 2 2 3 3 3 5 5 5 5 5
. . . 3 3 3 5 5 5 5 5
6 6 6 6 6 6 5 5 5 5 5
6 6 6 6 6 6 5 5 5 5 5
6 6 6 6 6 6 1 4 4 4 4
6 6 6 6 6 6 . 4 4 4 4
6 6 6 6 6 6 . 4 4 4 4
6 6 6 6 6 6 . 4 4 4 4


Square 1 (size 1) is at (6, 3)
Square 2 (size 2) is at (1, 7)
Square 3 (size 3) is at (3, 6)
Square 4 (size 4) is at (7, 0)
Square 5 (size 5) is at (6, 4)
Square 6 (size 6) is at (0, 0)


Solving for n=7 squares
Found better solution with area 156 for W=13 and H=12
Found better solution with area 154 for W=14 and H=11
==================================================
SEARCH STATISTICS
==================================================
  Rectangles tried : 12
  SAT calls        : 2
  UNSAT calls      : 10
  Total conflicts  : 30
  Total decisions  : 121
  Total propagations: 1717
  Total restarts   : 7
  Total time       : 0.009s


     W    H Result     Time  Conflicts / Decisions
  ---- ---- ------ --------  ---
    12   12  UNSAT   0.001s
    13   12    SAT   0.001s
    13   11  UNSAT   0.001s
    14   10  UNSAT   0.001s
    14   11    SAT   0.001s
    15   10  UNSAT   0.001s
    16    9  UNSAT   0.001s
    17    9  UNSAT   0.001s
    18    8  UNSAT   0.001s
    19    8  UNSAT   0.001s
    20    7  UNSAT   0.001s
    21    7  UNSAT   0.001s
==================================================
Best solution found: 14x11 rectangle with area 154

14x11 rectangle:

3 3 3 4 4 4 4 . 6 6 6 6 6 6
3 3 3 4 4 4 4 . 6 6 6 6 6 6
3 3 3 4 4 4 4 . 6 6 6 6 6 6
. . . 4 4 4 4 . 6 6 6 6 6 6
7 7 7 7 7 7 7 . 6 6 6 6 6 6
7 7 7 7 7 7 7 . 6 6 6 6 6 6
7 7 7 7 7 7 7 2 2 5 5 5 5 5
7 7 7 7 7 7 7 2 2 5 5 5 5 5
7 7 7 7 7 7 7 1 . 5 5 5 5 5
7 7 7 7 7 7 7 . . 5 5 5 5 5
7 7 7 7 7 7 7 . . 5 5 5 5 5


Square 1 (size 1) is at (7, 2)
Square 2 (size 2) is at (7, 3)
Square 3 (size 3) is at (0, 8)
Square 4 (size 4) is at (3, 7)
Square 5 (size 5) is at (9, 0)
Square 6 (size 6) is at (8, 5)
Square 7 (size 7) is at (0, 0)


Solving for n=8 squares
Found better solution with area 210 for W=15 and H=14
==================================================
SEARCH STATISTICS
==================================================
  Rectangles tried : 6
  SAT calls        : 1
  UNSAT calls      : 5
  Total conflicts  : 46
  Total decisions  : 88
  Total propagations: 2008
  Total restarts   : 4
  Total time       : 0.007s


     W    H Result     Time  Conflicts / Decisions
  ---- ---- ------ --------  ---
    15   14    SAT   0.001s
    16   13  UNSAT   0.001s
    17   12  UNSAT   0.001s
    19   11  UNSAT   0.001s
    23    9  UNSAT   0.001s
    26    8  UNSAT   0.001s
==================================================
Best solution found: 15x14 rectangle with area 210

15x14 rectangle:

6 6 6 6 6 6 5 5 5 5 5 4 4 4 4
6 6 6 6 6 6 5 5 5 5 5 4 4 4 4
6 6 6 6 6 6 5 5 5 5 5 4 4 4 4
6 6 6 6 6 6 5 5 5 5 5 4 4 4 4
6 6 6 6 6 6 5 5 5 5 5 . 3 3 3
6 6 6 6 6 6 . . . . 2 2 3 3 3
8 8 8 8 8 8 8 8 1 . 2 2 3 3 3
8 8 8 8 8 8 8 8 7 7 7 7 7 7 7
8 8 8 8 8 8 8 8 7 7 7 7 7 7 7
8 8 8 8 8 8 8 8 7 7 7 7 7 7 7
8 8 8 8 8 8 8 8 7 7 7 7 7 7 7
8 8 8 8 8 8 8 8 7 7 7 7 7 7 7
8 8 8 8 8 8 8 8 7 7 7 7 7 7 7
8 8 8 8 8 8 8 8 7 7 7 7 7 7 7


Square 1 (size 1) is at (8, 7)
Square 2 (size 2) is at (10, 7)
Square 3 (size 3) is at (12, 7)
Square 4 (size 4) is at (11, 10)
Square 5 (size 5) is at (6, 9)
Square 6 (size 6) is at (0, 8)
Square 7 (size 7) is at (8, 0)
Square 8 (size 8) is at (0, 0)


Solving for n=9 squares
Found better solution with area 306 for W=18 and H=17
Found better solution with area 300 for W=20 and H=15
==================================================
SEARCH STATISTICS
==================================================
  Rectangles tried : 15
  SAT calls        : 2
  UNSAT calls      : 13
  Total conflicts  : 146
  Total decisions  : 326
  Total propagations: 6773
  Total restarts   : 12
  Total time       : 0.028s


     W    H Result     Time  Conflicts / Decisions
  ---- ---- ------ --------  ---
    17   17  UNSAT   0.002s
    18   17    SAT   0.003s
    18   16  UNSAT   0.002s
    19   15  UNSAT   0.002s
    19   16  UNSAT   0.002s
    20   15    SAT   0.002s
    21   14  UNSAT   0.002s
    22   13  UNSAT   0.002s
    23   13  UNSAT   0.002s
    24   12  UNSAT   0.002s
    26   11  UNSAT   0.002s
    27   11  UNSAT   0.002s
    29   10  UNSAT   0.002s
    32    9  UNSAT   0.002s
    33    9  UNSAT   0.002s
==================================================
Best solution found: 20x15 rectangle with area 300

20x15 rectangle:

5 5 5 5 5 6 6 6 6 6 6 1 8 8 8 8 8 8 8 8
5 5 5 5 5 6 6 6 6 6 6 . 8 8 8 8 8 8 8 8
5 5 5 5 5 6 6 6 6 6 6 . 8 8 8 8 8 8 8 8
5 5 5 5 5 6 6 6 6 6 6 . 8 8 8 8 8 8 8 8
5 5 5 5 5 6 6 6 6 6 6 . 8 8 8 8 8 8 8 8
. . . . . 6 6 6 6 6 6 . 8 8 8 8 8 8 8 8
9 9 9 9 9 9 9 9 9 2 2 . 8 8 8 8 8 8 8 8
9 9 9 9 9 9 9 9 9 2 2 . 8 8 8 8 8 8 8 8
9 9 9 9 9 9 9 9 9 4 4 4 4 7 7 7 7 7 7 7
9 9 9 9 9 9 9 9 9 4 4 4 4 7 7 7 7 7 7 7
9 9 9 9 9 9 9 9 9 4 4 4 4 7 7 7 7 7 7 7
9 9 9 9 9 9 9 9 9 4 4 4 4 7 7 7 7 7 7 7
9 9 9 9 9 9 9 9 9 3 3 3 . 7 7 7 7 7 7 7
9 9 9 9 9 9 9 9 9 3 3 3 . 7 7 7 7 7 7 7
9 9 9 9 9 9 9 9 9 3 3 3 . 7 7 7 7 7 7 7


Square 1 (size 1) is at (11, 14)
Square 2 (size 2) is at (9, 7)
Square 3 (size 3) is at (9, 0)
Square 4 (size 4) is at (9, 3)
Square 5 (size 5) is at (0, 10)
Square 6 (size 6) is at (5, 9)
Square 7 (size 7) is at (13, 0)
Square 8 (size 8) is at (12, 7)
Square 9 (size 9) is at (0, 0)


Solving for n=10 squares
Found better solution with area 420 for W=21 and H=20
Found better solution with area 418 for W=22 and H=19
Found better solution with area 414 for W=23 and H=18
Found better solution with area 408 for W=24 and H=17
Found better solution with area 405 for W=27 and H=15
==================================================
SEARCH STATISTICS
==================================================
  Rectangles tried : 19
  SAT calls        : 5
  UNSAT calls      : 14
  Total conflicts  : 358
  Total decisions  : 874
  Total propagations: 18508
  Total restarts   : 17
  Total time       : 0.055s


     W    H Result     Time  Conflicts / Decisions
  ---- ---- ------ --------  ---
    20   20  UNSAT   0.002s
    21   20    SAT   0.003s
    21   19  UNSAT   0.003s
    22   18  UNSAT   0.002s
    22   19    SAT   0.002s
    23   17  UNSAT   0.002s
    23   18    SAT   0.003s
    24   17    SAT   0.003s
    25   16  UNSAT   0.003s
    26   15  UNSAT   0.003s
    27   15    SAT   0.003s
    28   14  UNSAT   0.003s
    30   13  UNSAT   0.003s
    31   13  UNSAT   0.003s
    33   12  UNSAT   0.003s
    35   11  UNSAT   0.003s
    36   11  UNSAT   0.003s
    39   10  UNSAT   0.003s
    40   10  UNSAT   0.003s
==================================================
Best solution found: 27x15 rectangle with area 405

27x15 rectangle:

. 4 4 4 4 5 5 5 5 5 8 8 8 8 8 8 8 8 1 . . 6 6 6 6 6 6
. 4 4 4 4 5 5 5 5 5 8 8 8 8 8 8 8 8 3 3 3 6 6 6 6 6 6
. 4 4 4 4 5 5 5 5 5 8 8 8 8 8 8 8 8 3 3 3 6 6 6 6 6 6
. 4 4 4 4 5 5 5 5 5 8 8 8 8 8 8 8 8 3 3 3 6 6 6 6 6 6
. . . . . 5 5 5 5 5 8 8 8 8 8 8 8 8 . 2 2 6 6 6 6 6 6
10 10 10 10 10 10 10 10 10 10 8 8 8 8 8 8 8 8 . 2 2 6 6 6 6 6 6
10 10 10 10 10 10 10 10 10 10 8 8 8 8 8 8 8 8 9 9 9 9 9 9 9 9 9
10 10 10 10 10 10 10 10 10 10 8 8 8 8 8 8 8 8 9 9 9 9 9 9 9 9 9
10 10 10 10 10 10 10 10 10 10 . 7 7 7 7 7 7 7 9 9 9 9 9 9 9 9 9
10 10 10 10 10 10 10 10 10 10 . 7 7 7 7 7 7 7 9 9 9 9 9 9 9 9 9
10 10 10 10 10 10 10 10 10 10 . 7 7 7 7 7 7 7 9 9 9 9 9 9 9 9 9
10 10 10 10 10 10 10 10 10 10 . 7 7 7 7 7 7 7 9 9 9 9 9 9 9 9 9
10 10 10 10 10 10 10 10 10 10 . 7 7 7 7 7 7 7 9 9 9 9 9 9 9 9 9
10 10 10 10 10 10 10 10 10 10 . 7 7 7 7 7 7 7 9 9 9 9 9 9 9 9 9
10 10 10 10 10 10 10 10 10 10 . 7 7 7 7 7 7 7 9 9 9 9 9 9 9 9 9


Square 1 (size 1) is at (18, 14)
Square 2 (size 2) is at (19, 9)
Square 3 (size 3) is at (18, 11)
Square 4 (size 4) is at (1, 11)
Square 5 (size 5) is at (5, 10)
Square 6 (size 6) is at (21, 9)
Square 7 (size 7) is at (11, 0)
Square 8 (size 8) is at (10, 7)
Square 9 (size 9) is at (18, 0)
Square 10 (size 10) is at (0, 0)


Solving for n=11 squares
Found better solution with area 552 for W=24 and H=23
Found better solution with area 550 for W=25 and H=22
Found better solution with area 520 for W=26 and H=20
Found better solution with area 513 for W=27 and H=19
==================================================
SEARCH STATISTICS
==================================================
  Rectangles tried : 13
  SAT calls        : 4
  UNSAT calls      : 9
  Total conflicts  : 601
  Total decisions  : 1602
  Total propagations: 33725
  Total restarts   : 13
  Total time       : 0.050s


     W    H Result     Time  Conflicts / Decisions
  ---- ---- ------ --------  ---
    23   22  UNSAT   0.004s
    23   23  UNSAT   0.003s
    24   23    SAT   0.004s
    24   22  UNSAT   0.004s
    25   21  UNSAT   0.004s
    25   22    SAT   0.004s
    26   20    SAT   0.004s
    27   19    SAT   0.004s
    30   17  UNSAT   0.004s
    32   16  UNSAT   0.004s
    34   15  UNSAT   0.004s
    39   13  UNSAT   0.004s
    46   11  UNSAT   0.005s
==================================================
Best solution found: 27x19 rectangle with area 513

27x19 rectangle:

8 8 8 8 8 8 8 8 5 5 5 5 5 . 1 2 2 10 10 10 10 10 10 10 10 10 10
8 8 8 8 8 8 8 8 5 5 5 5 5 . . 2 2 10 10 10 10 10 10 10 10 10 10
8 8 8 8 8 8 8 8 5 5 5 5 5 4 4 4 4 10 10 10 10 10 10 10 10 10 10
8 8 8 8 8 8 8 8 5 5 5 5 5 4 4 4 4 10 10 10 10 10 10 10 10 10 10
8 8 8 8 8 8 8 8 5 5 5 5 5 4 4 4 4 10 10 10 10 10 10 10 10 10 10
8 8 8 8 8 8 8 8 3 3 3 . . 4 4 4 4 10 10 10 10 10 10 10 10 10 10
8 8 8 8 8 8 8 8 3 3 3 6 6 6 6 6 6 10 10 10 10 10 10 10 10 10 10
8 8 8 8 8 8 8 8 3 3 3 6 6 6 6 6 6 10 10 10 10 10 10 10 10 10 10
11 11 11 11 11 11 11 11 11 11 11 6 6 6 6 6 6 10 10 10 10 10 10 10 10 10 10
11 11 11 11 11 11 11 11 11 11 11 6 6 6 6 6 6 10 10 10 10 10 10 10 10 10 10
11 11 11 11 11 11 11 11 11 11 11 6 6 6 6 6 6 . 9 9 9 9 9 9 9 9 9
11 11 11 11 11 11 11 11 11 11 11 6 6 6 6 6 6 . 9 9 9 9 9 9 9 9 9
11 11 11 11 11 11 11 11 11 11 11 7 7 7 7 7 7 7 9 9 9 9 9 9 9 9 9
11 11 11 11 11 11 11 11 11 11 11 7 7 7 7 7 7 7 9 9 9 9 9 9 9 9 9
11 11 11 11 11 11 11 11 11 11 11 7 7 7 7 7 7 7 9 9 9 9 9 9 9 9 9
11 11 11 11 11 11 11 11 11 11 11 7 7 7 7 7 7 7 9 9 9 9 9 9 9 9 9
11 11 11 11 11 11 11 11 11 11 11 7 7 7 7 7 7 7 9 9 9 9 9 9 9 9 9
11 11 11 11 11 11 11 11 11 11 11 7 7 7 7 7 7 7 9 9 9 9 9 9 9 9 9
11 11 11 11 11 11 11 11 11 11 11 7 7 7 7 7 7 7 9 9 9 9 9 9 9 9 9


Square 1 (size 1) is at (14, 18)
Square 2 (size 2) is at (15, 17)
Square 3 (size 3) is at (8, 11)
Square 4 (size 4) is at (13, 13)
Square 5 (size 5) is at (8, 14)
Square 6 (size 6) is at (11, 7)
Square 7 (size 7) is at (11, 0)
Square 8 (size 8) is at (0, 11)
Square 9 (size 9) is at (18, 0)
Square 10 (size 10) is at (17, 9)
Square 11 (size 11) is at (0, 0)


Solving for n=12 squares
Found better solution with area 729 for W=27 and H=27
Found better solution with area 700 for W=28 and H=25
Found better solution with area 667 for W=29 and H=23
==================================================
SEARCH STATISTICS
==================================================
  Rectangles tried : 19
  SAT calls        : 3
  UNSAT calls      : 16
  Total conflicts  : 1841
  Total decisions  : 3886
  Total propagations: 111379
  Total restarts   : 20
  Total time       : 0.106s


     W    H Result     Time  Conflicts / Decisions
  ---- ---- ------ --------  ---
    26   25  UNSAT   0.005s
    26   26  UNSAT   0.004s
    27   26  UNSAT   0.005s
    27   27    SAT   0.005s
    28   25    SAT   0.005s
    28   24  UNSAT   0.005s
    29   23    SAT   0.005s
    30   22  UNSAT   0.007s
    31   21  UNSAT   0.007s
    33   20  UNSAT   0.007s
    35   19  UNSAT   0.006s
    37   18  UNSAT   0.005s
    39   17  UNSAT   0.005s
    41   16  UNSAT   0.005s
    44   15  UNSAT   0.006s
    47   14  UNSAT   0.006s
    50   13  UNSAT   0.006s
    51   13  UNSAT   0.007s
    55   12  UNSAT   0.006s
==================================================
Best solution found: 29x23 rectangle with area 667

29x23 rectangle:

11 11 11 11 11 11 11 11 11 11 11 10 10 10 10 10 10 10 10 10 10 8 8 8 8 8 8 8 8
11 11 11 11 11 11 11 11 11 11 11 10 10 10 10 10 10 10 10 10 10 8 8 8 8 8 8 8 8
11 11 11 11 11 11 11 11 11 11 11 10 10 10 10 10 10 10 10 10 10 8 8 8 8 8 8 8 8
11 11 11 11 11 11 11 11 11 11 11 10 10 10 10 10 10 10 10 10 10 8 8 8 8 8 8 8 8
11 11 11 11 11 11 11 11 11 11 11 10 10 10 10 10 10 10 10 10 10 8 8 8 8 8 8 8 8
11 11 11 11 11 11 11 11 11 11 11 10 10 10 10 10 10 10 10 10 10 8 8 8 8 8 8 8 8
11 11 11 11 11 11 11 11 11 11 11 10 10 10 10 10 10 10 10 10 10 8 8 8 8 8 8 8 8
11 11 11 11 11 11 11 11 11 11 11 10 10 10 10 10 10 10 10 10 10 8 8 8 8 8 8 8 8
11 11 11 11 11 11 11 11 11 11 11 10 10 10 10 10 10 10 10 10 10 2 2 6 6 6 6 6 6
11 11 11 11 11 11 11 11 11 11 11 10 10 10 10 10 10 10 10 10 10 2 2 6 6 6 6 6 6
11 11 11 11 11 11 11 11 11 11 11 . . . . . . . 1 4 4 4 4 6 6 6 6 6 6
12 12 12 12 12 12 12 12 12 12 12 12 7 7 7 7 7 7 7 4 4 4 4 6 6 6 6 6 6
12 12 12 12 12 12 12 12 12 12 12 12 7 7 7 7 7 7 7 4 4 4 4 6 6 6 6 6 6
12 12 12 12 12 12 12 12 12 12 12 12 7 7 7 7 7 7 7 4 4 4 4 6 6 6 6 6 6
12 12 12 12 12 12 12 12 12 12 12 12 7 7 7 7 7 7 7 . 9 9 9 9 9 9 9 9 9
12 12 12 12 12 12 12 12 12 12 12 12 7 7 7 7 7 7 7 . 9 9 9 9 9 9 9 9 9
12 12 12 12 12 12 12 12 12 12 12 12 7 7 7 7 7 7 7 . 9 9 9 9 9 9 9 9 9
12 12 12 12 12 12 12 12 12 12 12 12 7 7 7 7 7 7 7 . 9 9 9 9 9 9 9 9 9
12 12 12 12 12 12 12 12 12 12 12 12 5 5 5 5 5 3 3 3 9 9 9 9 9 9 9 9 9
12 12 12 12 12 12 12 12 12 12 12 12 5 5 5 5 5 3 3 3 9 9 9 9 9 9 9 9 9
12 12 12 12 12 12 12 12 12 12 12 12 5 5 5 5 5 3 3 3 9 9 9 9 9 9 9 9 9
12 12 12 12 12 12 12 12 12 12 12 12 5 5 5 5 5 . . . 9 9 9 9 9 9 9 9 9
12 12 12 12 12 12 12 12 12 12 12 12 5 5 5 5 5 . . . 9 9 9 9 9 9 9 9 9


Square 1 (size 1) is at (18, 12)
Square 2 (size 2) is at (21, 13)
Square 3 (size 3) is at (17, 2)
Square 4 (size 4) is at (19, 9)
Square 5 (size 5) is at (12, 0)
Square 6 (size 6) is at (23, 9)
Square 7 (size 7) is at (12, 5)
Square 8 (size 8) is at (21, 15)
Square 9 (size 9) is at (20, 0)
Square 10 (size 10) is at (11, 13)
Square 11 (size 11) is at (0, 12)
Square 12 (size 12) is at (0, 0)


Solving for n=13 squares
Found better solution with area 900 for W=30 and H=30
Found better solution with area 868 for W=31 and H=28
Found better solution with area 864 for W=32 and H=27
Found better solution with area 858 for W=33 and H=26
Found better solution with area 850 for W=34 and H=25
Found better solution with area 840 for W=35 and H=24
Found better solution with area 836 for W=38 and H=22
==================================================
SEARCH STATISTICS
==================================================
  Rectangles tried : 22
  SAT calls        : 7
  UNSAT calls      : 15
  Total conflicts  : 6379
  Total decisions  : 12132
  Total propagations: 435835
  Total restarts   : 32
  Total time       : 0.189s


     W    H Result     Time  Conflicts / Decisions
  ---- ---- ------ --------  ---
    29   29  UNSAT   0.006s
    30   29  UNSAT   0.006s
    30   30    SAT   0.007s
    31   28    SAT   0.006s
    31   27  UNSAT   0.006s
    32   26  UNSAT   0.011s
    32   27    SAT   0.007s
    33   25  UNSAT   0.011s
    33   26    SAT   0.007s
    34   25    SAT   0.012s
    35   24    SAT   0.009s
    36   23  UNSAT   0.016s
    38   22    SAT   0.009s
    39   21  UNSAT   0.007s
    41   20  UNSAT   0.007s
    46   18  UNSAT   0.007s
    49   17  UNSAT   0.007s
    52   16  UNSAT   0.008s
    55   15  UNSAT   0.008s
    59   14  UNSAT   0.008s
    63   13  UNSAT   0.010s
    64   13  UNSAT   0.010s
==================================================
Best solution found: 38x22 rectangle with area 836

38x22 rectangle:

9 9 9 9 9 9 9 9 9 8 8 8 8 8 8 8 8 10 10 10 10 10 10 10 10 10 10 11 11 11 11 11 11 11 11 11 11 11
9 9 9 9 9 9 9 9 9 8 8 8 8 8 8 8 8 10 10 10 10 10 10 10 10 10 10 11 11 11 11 11 11 11 11 11 11 11
9 9 9 9 9 9 9 9 9 8 8 8 8 8 8 8 8 10 10 10 10 10 10 10 10 10 10 11 11 11 11 11 11 11 11 11 11 11
9 9 9 9 9 9 9 9 9 8 8 8 8 8 8 8 8 10 10 10 10 10 10 10 10 10 10 11 11 11 11 11 11 11 11 11 11 11
9 9 9 9 9 9 9 9 9 8 8 8 8 8 8 8 8 10 10 10 10 10 10 10 10 10 10 11 11 11 11 11 11 11 11 11 11 11
9 9 9 9 9 9 9 9 9 8 8 8 8 8 8 8 8 10 10 10 10 10 10 10 10 10 10 11 11 11 11 11 11 11 11 11 11 11
9 9 9 9 9 9 9 9 9 8 8 8 8 8 8 8 8 10 10 10 10 10 10 10 10 10 10 11 11 11 11 11 11 11 11 11 11 11
9 9 9 9 9 9 9 9 9 8 8 8 8 8 8 8 8 10 10 10 10 10 10 10 10 10 10 11 11 11 11 11 11 11 11 11 11 11
9 9 9 9 9 9 9 9 9 . . . . 2 2 . . 10 10 10 10 10 10 10 10 10 10 11 11 11 11 11 11 11 11 11 11 11
13 13 13 13 13 13 13 13 13 13 13 13 13 2 2 . . 10 10 10 10 10 10 10 10 10 10 11 11 11 11 11 11 11 11 11 11 11
13 13 13 13 13 13 13 13 13 13 13 13 13 12 12 12 12 12 12 12 12 12 12 12 12 . . 11 11 11 11 11 11 11 11 11 11 11
13 13 13 13 13 13 13 13 13 13 13 13 13 12 12 12 12 12 12 12 12 12 12 12 12 3 3 3 4 4 4 4 . 5 5 5 5 5
13 13 13 13 13 13 13 13 13 13 13 13 13 12 12 12 12 12 12 12 12 12 12 12 12 3 3 3 4 4 4 4 . 5 5 5 5 5
13 13 13 13 13 13 13 13 13 13 13 13 13 12 12 12 12 12 12 12 12 12 12 12 12 3 3 3 4 4 4 4 . 5 5 5 5 5
13 13 13 13 13 13 13 13 13 13 13 13 13 12 12 12 12 12 12 12 12 12 12 12 12 . . . 4 4 4 4 1 5 5 5 5 5
13 13 13 13 13 13 13 13 13 13 13 13 13 12 12 12 12 12 12 12 12 12 12 12 12 7 7 7 7 7 7 7 . 5 5 5 5 5
13 13 13 13 13 13 13 13 13 13 13 13 13 12 12 12 12 12 12 12 12 12 12 12 12 7 7 7 7 7 7 7 6 6 6 6 6 6
13 13 13 13 13 13 13 13 13 13 13 13 13 12 12 12 12 12 12 12 12 12 12 12 12 7 7 7 7 7 7 7 6 6 6 6 6 6
13 13 13 13 13 13 13 13 13 13 13 13 13 12 12 12 12 12 12 12 12 12 12 12 12 7 7 7 7 7 7 7 6 6 6 6 6 6
13 13 13 13 13 13 13 13 13 13 13 13 13 12 12 12 12 12 12 12 12 12 12 12 12 7 7 7 7 7 7 7 6 6 6 6 6 6
13 13 13 13 13 13 13 13 13 13 13 13 13 12 12 12 12 12 12 12 12 12 12 12 12 7 7 7 7 7 7 7 6 6 6 6 6 6
13 13 13 13 13 13 13 13 13 13 13 13 13 12 12 12 12 12 12 12 12 12 12 12 12 7 7 7 7 7 7 7 6 6 6 6 6 6


Square 1 (size 1) is at (32, 7)
Square 2 (size 2) is at (13, 12)
Square 3 (size 3) is at (25, 8)
Square 4 (size 4) is at (28, 7)
Square 5 (size 5) is at (33, 6)
Square 6 (size 6) is at (32, 0)
Square 7 (size 7) is at (25, 0)
Square 8 (size 8) is at (9, 14)
Square 9 (size 9) is at (0, 13)
Square 10 (size 10) is at (17, 12)
Square 11 (size 11) is at (27, 11)
Square 12 (size 12) is at (13, 0)
Square 13 (size 13) is at (0, 0)


Solving for n=14 squares
Found better solution with area 1089 for W=33 and H=33
Found better solution with area 1054 for W=34 and H=31
Found better solution with area 1050 for W=35 and H=30
Found better solution with area 1035 for W=45 and H=23
==================================================
SEARCH STATISTICS
==================================================
  Rectangles tried : 23
  SAT calls        : 4
  UNSAT calls      : 19
  Total conflicts  : 12244
  Total decisions  : 21473
  Total propagations: 907318
  Total restarts   : 44
  Total time       : 0.288s


     W    H Result     Time  Conflicts / Decisions
  ---- ---- ------ --------  ---
    32   32  UNSAT   0.008s
    33   32  UNSAT   0.008s
    33   33    SAT   0.008s
    34   31    SAT   0.008s
    34   30  UNSAT   0.008s
    35   29  UNSAT   0.012s
    35   30    SAT   0.008s
    36   29  UNSAT   0.026s
    37   28  UNSAT   0.017s
    38   27  UNSAT   0.016s
    40   26  UNSAT   0.036s
    41   25  UNSAT   0.019s
    43   24  UNSAT   0.013s
    45   23    SAT   0.011s
    47   22  UNSAT   0.008s
    49   21  UNSAT   0.009s
    51   20  UNSAT   0.009s
    54   19  UNSAT   0.009s
    57   18  UNSAT   0.010s
    60   17  UNSAT   0.010s
    64   16  UNSAT   0.010s
    68   15  UNSAT   0.011s
    73   14  UNSAT   0.013s
==================================================
Best solution found: 45x23 rectangle with area 1035

45x23 rectangle:

9 9 9 9 9 9 9 9 9 8 8 8 8 8 8 8 8 11 11 11 11 11 11 11 11 11 11 11 7 7 7 7 7 7 7 10 10 10 10 10 10 10 10 10 10
9 9 9 9 9 9 9 9 9 8 8 8 8 8 8 8 8 11 11 11 11 11 11 11 11 11 11 11 7 7 7 7 7 7 7 10 10 10 10 10 10 10 10 10 10
9 9 9 9 9 9 9 9 9 8 8 8 8 8 8 8 8 11 11 11 11 11 11 11 11 11 11 11 7 7 7 7 7 7 7 10 10 10 10 10 10 10 10 10 10
9 9 9 9 9 9 9 9 9 8 8 8 8 8 8 8 8 11 11 11 11 11 11 11 11 11 11 11 7 7 7 7 7 7 7 10 10 10 10 10 10 10 10 10 10
9 9 9 9 9 9 9 9 9 8 8 8 8 8 8 8 8 11 11 11 11 11 11 11 11 11 11 11 7 7 7 7 7 7 7 10 10 10 10 10 10 10 10 10 10
9 9 9 9 9 9 9 9 9 8 8 8 8 8 8 8 8 11 11 11 11 11 11 11 11 11 11 11 7 7 7 7 7 7 7 10 10 10 10 10 10 10 10 10 10
9 9 9 9 9 9 9 9 9 8 8 8 8 8 8 8 8 11 11 11 11 11 11 11 11 11 11 11 7 7 7 7 7 7 7 10 10 10 10 10 10 10 10 10 10
9 9 9 9 9 9 9 9 9 8 8 8 8 8 8 8 8 11 11 11 11 11 11 11 11 11 11 11 4 4 4 4 . . . 10 10 10 10 10 10 10 10 10 10
9 9 9 9 9 9 9 9 9 1 . . . . 3 3 3 11 11 11 11 11 11 11 11 11 11 11 4 4 4 4 2 2 . 10 10 10 10 10 10 10 10 10 10
14 14 14 14 14 14 14 14 14 14 14 14 14 14 3 3 3 11 11 11 11 11 11 11 11 11 11 11 4 4 4 4 2 2 . 10 10 10 10 10 10 10 10 10 10
14 14 14 14 14 14 14 14 14 14 14 14 14 14 3 3 3 11 11 11 11 11 11 11 11 11 11 11 4 4 4 4 13 13 13 13 13 13 13 13 13 13 13 13 13
14 14 14 14 14 14 14 14 14 14 14 14 14 14 . . . . . . 12 12 12 12 12 12 12 12 12 12 12 12 13 13 13 13 13 13 13 13 13 13 13 13 13
14 14 14 14 14 14 14 14 14 14 14 14 14 14 . 5 5 5 5 5 12 12 12 12 12 12 12 12 12 12 12 12 13 13 13 13 13 13 13 13 13 13 13 13 13
14 14 14 14 14 14 14 14 14 14 14 14 14 14 . 5 5 5 5 5 12 12 12 12 12 12 12 12 12 12 12 12 13 13 13 13 13 13 13 13 13 13 13 13 13
14 14 14 14 14 14 14 14 14 14 14 14 14 14 . 5 5 5 5 5 12 12 12 12 12 12 12 12 12 12 12 12 13 13 13 13 13 13 13 13 13 13 13 13 13
14 14 14 14 14 14 14 14 14 14 14 14 14 14 . 5 5 5 5 5 12 12 12 12 12 12 12 12 12 12 12 12 13 13 13 13 13 13 13 13 13 13 13 13 13
14 14 14 14 14 14 14 14 14 14 14 14 14 14 . 5 5 5 5 5 12 12 12 12 12 12 12 12 12 12 12 12 13 13 13 13 13 13 13 13 13 13 13 13 13
14 14 14 14 14 14 14 14 14 14 14 14 14 14 6 6 6 6 6 6 12 12 12 12 12 12 12 12 12 12 12 12 13 13 13 13 13 13 13 13 13 13 13 13 13
14 14 14 14 14 14 14 14 14 14 14 14 14 14 6 6 6 6 6 6 12 12 12 12 12 12 12 12 12 12 12 12 13 13 13 13 13 13 13 13 13 13 13 13 13
14 14 14 14 14 14 14 14 14 14 14 14 14 14 6 6 6 6 6 6 12 12 12 12 12 12 12 12 12 12 12 12 13 13 13 13 13 13 13 13 13 13 13 13 13
14 14 14 14 14 14 14 14 14 14 14 14 14 14 6 6 6 6 6 6 12 12 12 12 12 12 12 12 12 12 12 12 13 13 13 13 13 13 13 13 13 13 13 13 13
14 14 14 14 14 14 14 14 14 14 14 14 14 14 6 6 6 6 6 6 12 12 12 12 12 12 12 12 12 12 12 12 13 13 13 13 13 13 13 13 13 13 13 13 13
14 14 14 14 14 14 14 14 14 14 14 14 14 14 6 6 6 6 6 6 12 12 12 12 12 12 12 12 12 12 12 12 13 13 13 13 13 13 13 13 13 13 13 13 13


Square 1 (size 1) is at (9, 14)
Square 2 (size 2) is at (32, 13)
Square 3 (size 3) is at (14, 12)
Square 4 (size 4) is at (28, 12)
Square 5 (size 5) is at (15, 6)
Square 6 (size 6) is at (14, 0)
Square 7 (size 7) is at (28, 16)
Square 8 (size 8) is at (9, 15)
Square 9 (size 9) is at (0, 14)
Square 10 (size 10) is at (35, 13)
Square 11 (size 11) is at (17, 12)
Square 12 (size 12) is at (20, 0)
Square 13 (size 13) is at (32, 0)
Square 14 (size 14) is at (0, 0)


Solving for n=15 squares
Found better solution with area 1296 for W=36 and H=36
Found better solution with area 1295 for W=37 and H=35
Found better solution with area 1292 for W=38 and H=34
Found better solution with area 1287 for W=39 and H=33
Found better solution with area 1280 for W=40 and H=32
Found better solution with area 1269 for W=47 and H=27
Found better solution with area 1265 for W=55 and H=23
==================================================
SEARCH STATISTICS
==================================================
  Rectangles tried : 35
  SAT calls        : 7
  UNSAT calls      : 28
  Total conflicts  : 46498
  Total decisions  : 80393
  Total propagations: 3936279
  Total restarts   : 161
  Total time       : 0.820s


     W    H Result     Time  Conflicts / Decisions
  ---- ---- ------ --------  ---
    36   35  UNSAT   0.010s
    36   36    SAT   0.010s
    37   34  UNSAT   0.011s
    37   35    SAT   0.011s
    38   33  UNSAT   0.032s
    38   34    SAT   0.011s
    39   32  UNSAT   0.026s
    39   33    SAT   0.011s
    40   31  UNSAT   0.022s
    40   32    SAT   0.017s
    41   31  UNSAT   0.025s
    42   30  UNSAT   0.029s
    43   29  UNSAT   0.027s
    44   29  UNSAT   0.045s
    45   28  UNSAT   0.031s
    46   27  UNSAT   0.080s
    47   27    SAT   0.118s
    48   26  UNSAT   0.022s
    50   25  UNSAT   0.047s
    52   24  UNSAT   0.011s
    54   23  UNSAT   0.022s
    55   23    SAT   0.012s
    57   22  UNSAT   0.012s
    60   21  UNSAT   0.012s
    62   20  UNSAT   0.012s
    63   20  UNSAT   0.012s
    66   19  UNSAT   0.013s
    69   18  UNSAT   0.013s
    70   18  UNSAT   0.014s
    73   17  UNSAT   0.014s
    74   17  UNSAT   0.015s
    78   16  UNSAT   0.016s
    79   16  UNSAT   0.016s
    83   15  UNSAT   0.016s
    84   15  UNSAT   0.023s
==================================================
Best solution found: 55x23 rectangle with area 1265

55x23 rectangle:

8 8 8 8 8 8 8 8 . . . . . . 1 12 12 12 12 12 12 12 12 12 12 12 12 13 13 13 13 13 13 13 13 13 13 13 13 13 6 6 6 6 6 6 9 9 9 9 9 9 9 9 9
8 8 8 8 8 8 8 8 7 7 7 7 7 7 7 12 12 12 12 12 12 12 12 12 12 12 12 13 13 13 13 13 13 13 13 13 13 13 13 13 6 6 6 6 6 6 9 9 9 9 9 9 9 9 9
8 8 8 8 8 8 8 8 7 7 7 7 7 7 7 12 12 12 12 12 12 12 12 12 12 12 12 13 13 13 13 13 13 13 13 13 13 13 13 13 6 6 6 6 6 6 9 9 9 9 9 9 9 9 9
8 8 8 8 8 8 8 8 7 7 7 7 7 7 7 12 12 12 12 12 12 12 12 12 12 12 12 13 13 13 13 13 13 13 13 13 13 13 13 13 6 6 6 6 6 6 9 9 9 9 9 9 9 9 9
8 8 8 8 8 8 8 8 7 7 7 7 7 7 7 12 12 12 12 12 12 12 12 12 12 12 12 13 13 13 13 13 13 13 13 13 13 13 13 13 6 6 6 6 6 6 9 9 9 9 9 9 9 9 9
8 8 8 8 8 8 8 8 7 7 7 7 7 7 7 12 12 12 12 12 12 12 12 12 12 12 12 13 13 13 13 13 13 13 13 13 13 13 13 13 6 6 6 6 6 6 9 9 9 9 9 9 9 9 9
8 8 8 8 8 8 8 8 7 7 7 7 7 7 7 12 12 12 12 12 12 12 12 12 12 12 12 13 13 13 13 13 13 13 13 13 13 13 13 13 3 3 3 . 2 2 9 9 9 9 9 9 9 9 9
8 8 8 8 8 8 8 8 7 7 7 7 7 7 7 12 12 12 12 12 12 12 12 12 12 12 12 13 13 13 13 13 13 13 13 13 13 13 13 13 3 3 3 . 2 2 9 9 9 9 9 9 9 9 9
15 15 15 15 15 15 15 15 15 15 15 15 15 15 15 12 12 12 12 12 12 12 12 12 12 12 12 13 13 13 13 13 13 13 13 13 13 13 13 13 3 3 3 . . . 9 9 9 9 9 9 9 9 9
15 15 15 15 15 15 15 15 15 15 15 15 15 15 15 12 12 12 12 12 12 12 12 12 12 12 12 13 13 13 13 13 13 13 13 13 13 13 13 13 . 14 14 14 14 14 14 14 14 14 14 14 14 14 14
15 15 15 15 15 15 15 15 15 15 15 15 15 15 15 12 12 12 12 12 12 12 12 12 12 12 12 13 13 13 13 13 13 13 13 13 13 13 13 13 . 14 14 14 14 14 14 14 14 14 14 14 14 14 14
15 15 15 15 15 15 15 15 15 15 15 15 15 15 15 12 12 12 12 12 12 12 12 12 12 12 12 13 13 13 13 13 13 13 13 13 13 13 13 13 . 14 14 14 14 14 14 14 14 14 14 14 14 14 14
15 15 15 15 15 15 15 15 15 15 15 15 15 15 15 11 11 11 11 11 11 11 11 11 11 11 . 13 13 13 13 13 13 13 13 13 13 13 13 13 . 14 14 14 14 14 14 14 14 14 14 14 14 14 14
15 15 15 15 15 15 15 15 15 15 15 15 15 15 15 11 11 11 11 11 11 11 11 11 11 11 5 5 5 5 5 10 10 10 10 10 10 10 10 10 10 14 14 14 14 14 14 14 14 14 14 14 14 14 14
15 15 15 15 15 15 15 15 15 15 15 15 15 15 15 11 11 11 11 11 11 11 11 11 11 11 5 5 5 5 5 10 10 10 10 10 10 10 10 10 10 14 14 14 14 14 14 14 14 14 14 14 14 14 14
15 15 15 15 15 15 15 15 15 15 15 15 15 15 15 11 11 11 11 11 11 11 11 11 11 11 5 5 5 5 5 10 10 10 10 10 10 10 10 10 10 14 14 14 14 14 14 14 14 14 14 14 14 14 14
15 15 15 15 15 15 15 15 15 15 15 15 15 15 15 11 11 11 11 11 11 11 11 11 11 11 5 5 5 5 5 10 10 10 10 10 10 10 10 10 10 14 14 14 14 14 14 14 14 14 14 14 14 14 14
15 15 15 15 15 15 15 15 15 15 15 15 15 15 15 11 11 11 11 11 11 11 11 11 11 11 5 5 5 5 5 10 10 10 10 10 10 10 10 10 10 14 14 14 14 14 14 14 14 14 14 14 14 14 14
15 15 15 15 15 15 15 15 15 15 15 15 15 15 15 11 11 11 11 11 11 11 11 11 11 11 4 4 4 4 . 10 10 10 10 10 10 10 10 10 10 14 14 14 14 14 14 14 14 14 14 14 14 14 14
15 15 15 15 15 15 15 15 15 15 15 15 15 15 15 11 11 11 11 11 11 11 11 11 11 11 4 4 4 4 . 10 10 10 10 10 10 10 10 10 10 14 14 14 14 14 14 14 14 14 14 14 14 14 14
15 15 15 15 15 15 15 15 15 15 15 15 15 15 15 11 11 11 11 11 11 11 11 11 11 11 4 4 4 4 . 10 10 10 10 10 10 10 10 10 10 14 14 14 14 14 14 14 14 14 14 14 14 14 14
15 15 15 15 15 15 15 15 15 15 15 15 15 15 15 11 11 11 11 11 11 11 11 11 11 11 4 4 4 4 . 10 10 10 10 10 10 10 10 10 10 14 14 14 14 14 14 14 14 14 14 14 14 14 14
15 15 15 15 15 15 15 15 15 15 15 15 15 15 15 11 11 11 11 11 11 11 11 11 11 11 . . . . . 10 10 10 10 10 10 10 10 10 10 14 14 14 14 14 14 14 14 14 14 14 14 14 14


Square 1 (size 1) is at (14, 22)
Square 2 (size 2) is at (44, 15)
Square 3 (size 3) is at (40, 14)
Square 4 (size 4) is at (26, 1)
Square 5 (size 5) is at (26, 5)
Square 6 (size 6) is at (40, 17)
Square 7 (size 7) is at (8, 15)
Square 8 (size 8) is at (0, 15)
Square 9 (size 9) is at (46, 14)
Square 10 (size 10) is at (31, 0)
Square 11 (size 11) is at (15, 0)
Square 12 (size 12) is at (15, 11)
Square 13 (size 13) is at (27, 10)
Square 14 (size 14) is at (41, 0)
Square 15 (size 15) is at (0, 0)


Solving for n=16 squares
Found better solution with area 1521 for W=39 and H=39
Found better solution with area 1520 for W=40 and H=38
Found better solution with area 1512 for W=54 and H=28
==================================================
SEARCH STATISTICS
==================================================
  Rectangles tried : 19
  SAT calls        : 3
  UNSAT calls      : 16
  Total conflicts  : 92141
  Total decisions  : 153894
  Total propagations: 9156362
  Total restarts   : 207
  Total time       : 1.408s


     W    H Result     Time  Conflicts / Decisions
  ---- ---- ------ --------  ---
    39   39    SAT   0.043s
    40   38    SAT   0.014s
    41   37  UNSAT   0.156s
    42   36  UNSAT   0.081s
    43   35  UNSAT   0.058s
    44   34  UNSAT   0.022s
    46   33  UNSAT   0.028s
    47   32  UNSAT   0.027s
    49   31  UNSAT   0.053s
    50   30  UNSAT   0.169s
    52   29  UNSAT   0.335s
    54   28    SAT   0.093s
    58   26  UNSAT   0.199s
    60   25  UNSAT   0.030s
    68   22  UNSAT   0.015s
    75   20  UNSAT   0.017s
    79   19  UNSAT   0.018s
    88   17  UNSAT   0.021s
    94   16  UNSAT   0.029s
==================================================
Best solution found: 54x28 rectangle with area 1512

54x28 rectangle:

12 12 12 12 12 12 12 12 12 12 12 12 9 9 9 9 9 9 9 9 9 8 8 8 8 8 8 8 8 10 10 10 10 10 10 10 10 10 10 15 15 15 15 15 15 15 15 15 15 15 15 15 15 15
12 12 12 12 12 12 12 12 12 12 12 12 9 9 9 9 9 9 9 9 9 8 8 8 8 8 8 8 8 10 10 10 10 10 10 10 10 10 10 15 15 15 15 15 15 15 15 15 15 15 15 15 15 15
12 12 12 12 12 12 12 12 12 12 12 12 9 9 9 9 9 9 9 9 9 8 8 8 8 8 8 8 8 10 10 10 10 10 10 10 10 10 10 15 15 15 15 15 15 15 15 15 15 15 15 15 15 15
12 12 12 12 12 12 12 12 12 12 12 12 9 9 9 9 9 9 9 9 9 8 8 8 8 8 8 8 8 10 10 10 10 10 10 10 10 10 10 15 15 15 15 15 15 15 15 15 15 15 15 15 15 15
12 12 12 12 12 12 12 12 12 12 12 12 9 9 9 9 9 9 9 9 9 8 8 8 8 8 8 8 8 10 10 10 10 10 10 10 10 10 10 15 15 15 15 15 15 15 15 15 15 15 15 15 15 15
12 12 12 12 12 12 12 12 12 12 12 12 9 9 9 9 9 9 9 9 9 8 8 8 8 8 8 8 8 10 10 10 10 10 10 10 10 10 10 15 15 15 15 15 15 15 15 15 15 15 15 15 15 15
12 12 12 12 12 12 12 12 12 12 12 12 9 9 9 9 9 9 9 9 9 8 8 8 8 8 8 8 8 10 10 10 10 10 10 10 10 10 10 15 15 15 15 15 15 15 15 15 15 15 15 15 15 15
12 12 12 12 12 12 12 12 12 12 12 12 9 9 9 9 9 9 9 9 9 8 8 8 8 8 8 8 8 10 10 10 10 10 10 10 10 10 10 15 15 15 15 15 15 15 15 15 15 15 15 15 15 15
12 12 12 12 12 12 12 12 12 12 12 12 9 9 9 9 9 9 9 9 9 . 6 6 6 6 6 6 1 10 10 10 10 10 10 10 10 10 10 15 15 15 15 15 15 15 15 15 15 15 15 15 15 15
12 12 12 12 12 12 12 12 12 12 12 12 2 2 3 3 3 5 5 5 5 5 6 6 6 6 6 6 . 10 10 10 10 10 10 10 10 10 10 15 15 15 15 15 15 15 15 15 15 15 15 15 15 15
12 12 12 12 12 12 12 12 12 12 12 12 2 2 3 3 3 5 5 5 5 5 6 6 6 6 6 6 4 4 4 4 7 7 7 7 7 7 7 15 15 15 15 15 15 15 15 15 15 15 15 15 15 15
12 12 12 12 12 12 12 12 12 12 12 12 . . 3 3 3 5 5 5 5 5 6 6 6 6 6 6 4 4 4 4 7 7 7 7 7 7 7 15 15 15 15 15 15 15 15 15 15 15 15 15 15 15
16 16 16 16 16 16 16 16 16 16 16 16 16 16 16 16 . 5 5 5 5 5 6 6 6 6 6 6 4 4 4 4 7 7 7 7 7 7 7 15 15 15 15 15 15 15 15 15 15 15 15 15 15 15
16 16 16 16 16 16 16 16 16 16 16 16 16 16 16 16 . 5 5 5 5 5 6 6 6 6 6 6 4 4 4 4 7 7 7 7 7 7 7 15 15 15 15 15 15 15 15 15 15 15 15 15 15 15
16 16 16 16 16 16 16 16 16 16 16 16 16 16 16 16 14 14 14 14 14 14 14 14 14 14 14 14 14 14 . . 7 7 7 7 7 7 7 15 15 15 15 15 15 15 15 15 15 15 15 15 15 15
16 16 16 16 16 16 16 16 16 16 16 16 16 16 16 16 14 14 14 14 14 14 14 14 14 14 14 14 14 14 . . 7 7 7 7 7 7 7 . . 13 13 13 13 13 13 13 13 13 13 13 13 13
16 16 16 16 16 16 16 16 16 16 16 16 16 16 16 16 14 14 14 14 14 14 14 14 14 14 14 14 14 14 . . 7 7 7 7 7 7 7 . . 13 13 13 13 13 13 13 13 13 13 13 13 13
16 16 16 16 16 16 16 16 16 16 16 16 16 16 16 16 14 14 14 14 14 14 14 14 14 14 14 14 14 14 11 11 11 11 11 11 11 11 11 11 11 13 13 13 13 13 13 13 13 13 13 13 13 13
16 16 16 16 16 16 16 16 16 16 16 16 16 16 16 16 14 14 14 14 14 14 14 14 14 14 14 14 14 14 11 11 11 11 11 11 11 11 11 11 11 13 13 13 13 13 13 13 13 13 13 13 13 13
16 16 16 16 16 16 16 16 16 16 16 16 16 16 16 16 14 14 14 14 14 14 14 14 14 14 14 14 14 14 11 11 11 11 11 11 11 11 11 11 11 13 13 13 13 13 13 13 13 13 13 13 13 13
16 16 16 16 16 16 16 16 16 16 16 16 16 16 16 16 14 14 14 14 14 14 14 14 14 14 14 14 14 14 11 11 11 11 11 11 11 11 11 11 11 13 13 13 13 13 13 13 13 13 13 13 13 13
16 16 16 16 16 16 16 16 16 16 16 16 16 16 16 16 14 14 14 14 14 14 14 14 14 14 14 14 14 14 11 11 11 11 11 11 11 11 11 11 11 13 13 13 13 13 13 13 13 13 13 13 13 13
16 16 16 16 16 16 16 16 16 16 16 16 16 16 16 16 14 14 14 14 14 14 14 14 14 14 14 14 14 14 11 11 11 11 11 11 11 11 11 11 11 13 13 13 13 13 13 13 13 13 13 13 13 13
16 16 16 16 16 16 16 16 16 16 16 16 16 16 16 16 14 14 14 14 14 14 14 14 14 14 14 14 14 14 11 11 11 11 11 11 11 11 11 11 11 13 13 13 13 13 13 13 13 13 13 13 13 13
16 16 16 16 16 16 16 16 16 16 16 16 16 16 16 16 14 14 14 14 14 14 14 14 14 14 14 14 14 14 11 11 11 11 11 11 11 11 11 11 11 13 13 13 13 13 13 13 13 13 13 13 13 13
16 16 16 16 16 16 16 16 16 16 16 16 16 16 16 16 14 14 14 14 14 14 14 14 14 14 14 14 14 14 11 11 11 11 11 11 11 11 11 11 11 13 13 13 13 13 13 13 13 13 13 13 13 13
16 16 16 16 16 16 16 16 16 16 16 16 16 16 16 16 14 14 14 14 14 14 14 14 14 14 14 14 14 14 11 11 11 11 11 11 11 11 11 11 11 13 13 13 13 13 13 13 13 13 13 13 13 13
16 16 16 16 16 16 16 16 16 16 16 16 16 16 16 16 14 14 14 14 14 14 14 14 14 14 14 14 14 14 11 11 11 11 11 11 11 11 11 11 11 13 13 13 13 13 13 13 13 13 13 13 13 13


Square 1 (size 1) is at (28, 19)
Square 2 (size 2) is at (12, 17)
Square 3 (size 3) is at (14, 16)
Square 4 (size 4) is at (28, 14)
Square 5 (size 5) is at (17, 14)
Square 6 (size 6) is at (22, 14)
Square 7 (size 7) is at (32, 11)
Square 8 (size 8) is at (21, 20)
Square 9 (size 9) is at (12, 19)
Square 10 (size 10) is at (29, 18)
Square 11 (size 11) is at (30, 0)
Square 12 (size 12) is at (0, 16)
Square 13 (size 13) is at (41, 0)
Square 14 (size 14) is at (16, 0)
Square 15 (size 15) is at (39, 13)
Square 16 (size 16) is at (0, 0)


Solving for n=17 squares
Found better solution with area 1806 for W=43 and H=42
Found better solution with area 1804 for W=44 and H=41
Found better solution with area 1794 for W=46 and H=39
==================================================
SEARCH STATISTICS
==================================================
  Rectangles tried : 11
  SAT calls        : 3
  UNSAT calls      : 8
  Total conflicts  : 133382
  Total decisions  : 221977
  Total propagations: 14636723
  Total restarts   : 392
  Total time       : 2.635s


     W    H Result     Time  Conflicts / Decisions
  ---- ---- ------ --------  ---
    43   42    SAT   0.379s
    44   41    SAT   0.266s
    45   40  UNSAT   0.390s
    46   39    SAT   0.017s
    47   38  UNSAT   0.078s
    51   35  UNSAT   0.030s
    56   32  UNSAT   1.163s
    64   28  UNSAT   0.234s
    85   21  UNSAT   0.021s
    94   19  UNSAT   0.024s
   105   17  UNSAT   0.034s
==================================================
Best solution found: 46x39 rectangle with area 1794

46x39 rectangle:

10 10 10 10 10 10 10 10 10 10 7 7 7 7 7 7 7 16 16 16 16 16 16 16 16 16 16 16 16 16 16 16 16 13 13 13 13 13 13 13 13 13 13 13 13 13
10 10 10 10 10 10 10 10 10 10 7 7 7 7 7 7 7 16 16 16 16 16 16 16 16 16 16 16 16 16 16 16 16 13 13 13 13 13 13 13 13 13 13 13 13 13
10 10 10 10 10 10 10 10 10 10 7 7 7 7 7 7 7 16 16 16 16 16 16 16 16 16 16 16 16 16 16 16 16 13 13 13 13 13 13 13 13 13 13 13 13 13
10 10 10 10 10 10 10 10 10 10 7 7 7 7 7 7 7 16 16 16 16 16 16 16 16 16 16 16 16 16 16 16 16 13 13 13 13 13 13 13 13 13 13 13 13 13
10 10 10 10 10 10 10 10 10 10 7 7 7 7 7 7 7 16 16 16 16 16 16 16 16 16 16 16 16 16 16 16 16 13 13 13 13 13 13 13 13 13 13 13 13 13
10 10 10 10 10 10 10 10 10 10 7 7 7 7 7 7 7 16 16 16 16 16 16 16 16 16 16 16 16 16 16 16 16 13 13 13 13 13 13 13 13 13 13 13 13 13
10 10 10 10 10 10 10 10 10 10 7 7 7 7 7 7 7 16 16 16 16 16 16 16 16 16 16 16 16 16 16 16 16 13 13 13 13 13 13 13 13 13 13 13 13 13
10 10 10 10 10 10 10 10 10 10 3 3 3 4 4 4 4 16 16 16 16 16 16 16 16 16 16 16 16 16 16 16 16 13 13 13 13 13 13 13 13 13 13 13 13 13
10 10 10 10 10 10 10 10 10 10 3 3 3 4 4 4 4 16 16 16 16 16 16 16 16 16 16 16 16 16 16 16 16 13 13 13 13 13 13 13 13 13 13 13 13 13
10 10 10 10 10 10 10 10 10 10 3 3 3 4 4 4 4 16 16 16 16 16 16 16 16 16 16 16 16 16 16 16 16 13 13 13 13 13 13 13 13 13 13 13 13 13
12 12 12 12 12 12 12 12 12 12 12 12 1 4 4 4 4 16 16 16 16 16 16 16 16 16 16 16 16 16 16 16 16 13 13 13 13 13 13 13 13 13 13 13 13 13
12 12 12 12 12 12 12 12 12 12 12 12 5 5 5 5 5 16 16 16 16 16 16 16 16 16 16 16 16 16 16 16 16 13 13 13 13 13 13 13 13 13 13 13 13 13
12 12 12 12 12 12 12 12 12 12 12 12 5 5 5 5 5 16 16 16 16 16 16 16 16 16 16 16 16 16 16 16 16 13 13 13 13 13 13 13 13 13 13 13 13 13
12 12 12 12 12 12 12 12 12 12 12 12 5 5 5 5 5 16 16 16 16 16 16 16 16 16 16 16 16 16 16 16 16 . . 11 11 11 11 11 11 11 11 11 11 11
12 12 12 12 12 12 12 12 12 12 12 12 5 5 5 5 5 16 16 16 16 16 16 16 16 16 16 16 16 16 16 16 16 2 2 11 11 11 11 11 11 11 11 11 11 11
12 12 12 12 12 12 12 12 12 12 12 12 5 5 5 5 5 16 16 16 16 16 16 16 16 16 16 16 16 16 16 16 16 2 2 11 11 11 11 11 11 11 11 11 11 11
12 12 12 12 12 12 12 12 12 12 12 12 6 6 6 6 6 6 9 9 9 9 9 9 9 9 9 8 8 8 8 8 8 8 8 11 11 11 11 11 11 11 11 11 11 11
12 12 12 12 12 12 12 12 12 12 12 12 6 6 6 6 6 6 9 9 9 9 9 9 9 9 9 8 8 8 8 8 8 8 8 11 11 11 11 11 11 11 11 11 11 11
12 12 12 12 12 12 12 12 12 12 12 12 6 6 6 6 6 6 9 9 9 9 9 9 9 9 9 8 8 8 8 8 8 8 8 11 11 11 11 11 11 11 11 11 11 11
12 12 12 12 12 12 12 12 12 12 12 12 6 6 6 6 6 6 9 9 9 9 9 9 9 9 9 8 8 8 8 8 8 8 8 11 11 11 11 11 11 11 11 11 11 11
12 12 12 12 12 12 12 12 12 12 12 12 6 6 6 6 6 6 9 9 9 9 9 9 9 9 9 8 8 8 8 8 8 8 8 11 11 11 11 11 11 11 11 11 11 11
12 12 12 12 12 12 12 12 12 12 12 12 6 6 6 6 6 6 9 9 9 9 9 9 9 9 9 8 8 8 8 8 8 8 8 11 11 11 11 11 11 11 11 11 11 11
17 17 17 17 17 17 17 17 17 17 17 17 17 17 17 17 17 . 9 9 9 9 9 9 9 9 9 8 8 8 8 8 8 8 8 11 11 11 11 11 11 11 11 11 11 11
17 17 17 17 17 17 17 17 17 17 17 17 17 17 17 17 17 . 9 9 9 9 9 9 9 9 9 8 8 8 8 8 8 8 8 11 11 11 11 11 11 11 11 11 11 11
17 17 17 17 17 17 17 17 17 17 17 17 17 17 17 17 17 . 9 9 9 9 9 9 9 9 9 . . . . 15 15 15 15 15 15 15 15 15 15 15 15 15 15 15
17 17 17 17 17 17 17 17 17 17 17 17 17 17 17 17 17 14 14 14 14 14 14 14 14 14 14 14 14 14 14 15 15 15 15 15 15 15 15 15 15 15 15 15 15 15
17 17 17 17 17 17 17 17 17 17 17 17 17 17 17 17 17 14 14 14 14 14 14 14 14 14 14 14 14 14 14 15 15 15 15 15 15 15 15 15 15 15 15 15 15 15
17 17 17 17 17 17 17 17 17 17 17 17 17 17 17 17 17 14 14 14 14 14 14 14 14 14 14 14 14 14 14 15 15 15 15 15 15 15 15 15 15 15 15 15 15 15
17 17 17 17 17 17 17 17 17 17 17 17 17 17 17 17 17 14 14 14 14 14 14 14 14 14 14 14 14 14 14 15 15 15 15 15 15 15 15 15 15 15 15 15 15 15
17 17 17 17 17 17 17 17 17 17 17 17 17 17 17 17 17 14 14 14 14 14 14 14 14 14 14 14 14 14 14 15 15 15 15 15 15 15 15 15 15 15 15 15 15 15
17 17 17 17 17 17 17 17 17 17 17 17 17 17 17 17 17 14 14 14 14 14 14 14 14 14 14 14 14 14 14 15 15 15 15 15 15 15 15 15 15 15 15 15 15 15
17 17 17 17 17 17 17 17 17 17 17 17 17 17 17 17 17 14 14 14 14 14 14 14 14 14 14 14 14 14 14 15 15 15 15 15 15 15 15 15 15 15 15 15 15 15
17 17 17 17 17 17 17 17 17 17 17 17 17 17 17 17 17 14 14 14 14 14 14 14 14 14 14 14 14 14 14 15 15 15 15 15 15 15 15 15 15 15 15 15 15 15
17 17 17 17 17 17 17 17 17 17 17 17 17 17 17 17 17 14 14 14 14 14 14 14 14 14 14 14 14 14 14 15 15 15 15 15 15 15 15 15 15 15 15 15 15 15
17 17 17 17 17 17 17 17 17 17 17 17 17 17 17 17 17 14 14 14 14 14 14 14 14 14 14 14 14 14 14 15 15 15 15 15 15 15 15 15 15 15 15 15 15 15
17 17 17 17 17 17 17 17 17 17 17 17 17 17 17 17 17 14 14 14 14 14 14 14 14 14 14 14 14 14 14 15 15 15 15 15 15 15 15 15 15 15 15 15 15 15
17 17 17 17 17 17 17 17 17 17 17 17 17 17 17 17 17 14 14 14 14 14 14 14 14 14 14 14 14 14 14 15 15 15 15 15 15 15 15 15 15 15 15 15 15 15
17 17 17 17 17 17 17 17 17 17 17 17 17 17 17 17 17 14 14 14 14 14 14 14 14 14 14 14 14 14 14 15 15 15 15 15 15 15 15 15 15 15 15 15 15 15
17 17 17 17 17 17 17 17 17 17 17 17 17 17 17 17 17 14 14 14 14 14 14 14 14 14 14 14 14 14 14 15 15 15 15 15 15 15 15 15 15 15 15 15 15 15


Square 1 (size 1) is at (12, 28)
Square 2 (size 2) is at (33, 23)
Square 3 (size 3) is at (10, 29)
Square 4 (size 4) is at (13, 28)
Square 5 (size 5) is at (12, 23)
Square 6 (size 6) is at (12, 17)
Square 7 (size 7) is at (10, 32)
Square 8 (size 8) is at (27, 15)
Square 9 (size 9) is at (18, 14)
Square 10 (size 10) is at (0, 29)
Square 11 (size 11) is at (35, 15)
Square 12 (size 12) is at (0, 17)
Square 13 (size 13) is at (33, 26)
Square 14 (size 14) is at (17, 0)
Square 15 (size 15) is at (31, 0)
Square 16 (size 16) is at (17, 23)
Square 17 (size 17) is at (0, 0)


Solving for n=18 squares
Found better solution with area 2162 for W=47 and H=46
Found better solution with area 2160 for W=48 and H=45
Found better solution with area 2156 for W=49 and H=44
Found better solution with area 2150 for W=50 and H=43
Found better solution with area 2142 for W=51 and H=42
Found better solution with area 2139 for W=69 and H=31
==================================================
SEARCH STATISTICS
==================================================
  Rectangles tried : 33
  SAT calls        : 6
  UNSAT calls      : 27
  Total conflicts  : 944869
  Total decisions  : 1463634
  Total propagations: 116557399
  Total restarts   : 2810
  Total time       : 29.390s


     W    H Result     Time  Conflicts / Decisions
  ---- ---- ------ --------  ---
    46   46  UNSAT  10.371s
    47   46    SAT   0.427s
    47   45  UNSAT   4.259s
    48   44  UNSAT   1.510s
    48   45    SAT   0.051s
    49   44    SAT   0.224s
    50   43    SAT   0.292s
    51   42    SAT   0.288s
    52   41  UNSAT   0.159s
    53   40  UNSAT   0.039s
    56   38  UNSAT   0.050s
    57   37  UNSAT   0.065s
    59   36  UNSAT   1.959s
    61   35  UNSAT   3.913s
    64   33  UNSAT   2.952s
    66   32  UNSAT   1.567s
    69   31    SAT   0.140s
    71   30  UNSAT   0.438s
    73   29  UNSAT   0.215s
    76   28  UNSAT   0.022s
    79   27  UNSAT   0.023s
    82   26  UNSAT   0.023s
    85   25  UNSAT   0.025s
    88   24  UNSAT   0.025s
    89   24  UNSAT   0.025s
    92   23  UNSAT   0.026s
    96   22  UNSAT   0.030s
    97   22  UNSAT   0.029s
   101   21  UNSAT   0.029s
   106   20  UNSAT   0.039s
   111   19  UNSAT   0.039s
   112   19  UNSAT   0.040s
   118   18  UNSAT   0.094s
==================================================
Best solution found: 69x31 rectangle with area 2139

69x31 rectangle:

7 7 7 7 7 7 7 13 13 13 13 13 13 13 13 13 13 13 13 13 15 15 15 15 15 15 15 15 15 15 15 15 15 15 15 17 17 17 17 17 17 17 17 17 17 17 17 17 17 17 17 17 . . 3 3 3 12 12 12 12 12 12 12 12 12 12 12 12
7 7 7 7 7 7 7 13 13 13 13 13 13 13 13 13 13 13 13 13 15 15 15 15 15 15 15 15 15 15 15 15 15 15 15 17 17 17 17 17 17 17 17 17 17 17 17 17 17 17 17 17 . . 3 3 3 12 12 12 12 12 12 12 12 12 12 12 12
7 7 7 7 7 7 7 13 13 13 13 13 13 13 13 13 13 13 13 13 15 15 15 15 15 15 15 15 15 15 15 15 15 15 15 17 17 17 17 17 17 17 17 17 17 17 17 17 17 17 17 17 . . 3 3 3 12 12 12 12 12 12 12 12 12 12 12 12
7 7 7 7 7 7 7 13 13 13 13 13 13 13 13 13 13 13 13 13 15 15 15 15 15 15 15 15 15 15 15 15 15 15 15 17 17 17 17 17 17 17 17 17 17 17 17 17 17 17 17 17 . 4 4 4 4 12 12 12 12 12 12 12 12 12 12 12 12
7 7 7 7 7 7 7 13 13 13 13 13 13 13 13 13 13 13 13 13 15 15 15 15 15 15 15 15 15 15 15 15 15 15 15 17 17 17 17 17 17 17 17 17 17 17 17 17 17 17 17 17 . 4 4 4 4 12 12 12 12 12 12 12 12 12 12 12 12
7 7 7 7 7 7 7 13 13 13 13 13 13 13 13 13 13 13 13 13 15 15 15 15 15 15 15 15 15 15 15 15 15 15 15 17 17 17 17 17 17 17 17 17 17 17 17 17 17 17 17 17 . 4 4 4 4 12 12 12 12 12 12 12 12 12 12 12 12
7 7 7 7 7 7 7 13 13 13 13 13 13 13 13 13 13 13 13 13 15 15 15 15 15 15 15 15 15 15 15 15 15 15 15 17 17 17 17 17 17 17 17 17 17 17 17 17 17 17 17 17 . 4 4 4 4 12 12 12 12 12 12 12 12 12 12 12 12
. 6 6 6 6 6 6 13 13 13 13 13 13 13 13 13 13 13 13 13 15 15 15 15 15 15 15 15 15 15 15 15 15 15 15 17 17 17 17 17 17 17 17 17 17 17 17 17 17 17 17 17 5 5 5 5 5 12 12 12 12 12 12 12 12 12 12 12 12
. 6 6 6 6 6 6 13 13 13 13 13 13 13 13 13 13 13 13 13 15 15 15 15 15 15 15 15 15 15 15 15 15 15 15 17 17 17 17 17 17 17 17 17 17 17 17 17 17 17 17 17 5 5 5 5 5 12 12 12 12 12 12 12 12 12 12 12 12
. 6 6 6 6 6 6 13 13 13 13 13 13 13 13 13 13 13 13 13 15 15 15 15 15 15 15 15 15 15 15 15 15 15 15 17 17 17 17 17 17 17 17 17 17 17 17 17 17 17 17 17 5 5 5 5 5 12 12 12 12 12 12 12 12 12 12 12 12
. 6 6 6 6 6 6 13 13 13 13 13 13 13 13 13 13 13 13 13 15 15 15 15 15 15 15 15 15 15 15 15 15 15 15 17 17 17 17 17 17 17 17 17 17 17 17 17 17 17 17 17 5 5 5 5 5 12 12 12 12 12 12 12 12 12 12 12 12
. 6 6 6 6 6 6 13 13 13 13 13 13 13 13 13 13 13 13 13 15 15 15 15 15 15 15 15 15 15 15 15 15 15 15 17 17 17 17 17 17 17 17 17 17 17 17 17 17 17 17 17 5 5 5 5 5 12 12 12 12 12 12 12 12 12 12 12 12
. 6 6 6 6 6 6 13 13 13 13 13 13 13 13 13 13 13 13 13 15 15 15 15 15 15 15 15 15 15 15 15 15 15 15 17 17 17 17 17 17 17 17 17 17 17 17 17 17 17 17 17 8 8 8 8 8 8 8 8 9 9 9 9 9 9 9 9 9
18 18 18 18 18 18 18 18 18 18 18 18 18 18 18 18 18 18 . . 15 15 15 15 15 15 15 15 15 15 15 15 15 15 15 17 17 17 17 17 17 17 17 17 17 17 17 17 17 17 17 17 8 8 8 8 8 8 8 8 9 9 9 9 9 9 9 9 9
18 18 18 18 18 18 18 18 18 18 18 18 18 18 18 18 18 18 . . 15 15 15 15 15 15 15 15 15 15 15 15 15 15 15 17 17 17 17 17 17 17 17 17 17 17 17 17 17 17 17 17 8 8 8 8 8 8 8 8 9 9 9 9 9 9 9 9 9
18 18 18 18 18 18 18 18 18 18 18 18 18 18 18 18 18 18 16 16 16 16 16 16 16 16 16 16 16 16 16 16 16 16 . 17 17 17 17 17 17 17 17 17 17 17 17 17 17 17 17 17 8 8 8 8 8 8 8 8 9 9 9 9 9 9 9 9 9
18 18 18 18 18 18 18 18 18 18 18 18 18 18 18 18 18 18 16 16 16 16 16 16 16 16 16 16 16 16 16 16 16 16 1 17 17 17 17 17 17 17 17 17 17 17 17 17 17 17 17 17 8 8 8 8 8 8 8 8 9 9 9 9 9 9 9 9 9
18 18 18 18 18 18 18 18 18 18 18 18 18 18 18 18 18 18 16 16 16 16 16 16 16 16 16 16 16 16 16 16 16 16 14 14 14 14 14 14 14 14 14 14 14 14 14 14 . . 2 2 8 8 8 8 8 8 8 8 9 9 9 9 9 9 9 9 9
18 18 18 18 18 18 18 18 18 18 18 18 18 18 18 18 18 18 16 16 16 16 16 16 16 16 16 16 16 16 16 16 16 16 14 14 14 14 14 14 14 14 14 14 14 14 14 14 . . 2 2 8 8 8 8 8 8 8 8 9 9 9 9 9 9 9 9 9
18 18 18 18 18 18 18 18 18 18 18 18 18 18 18 18 18 18 16 16 16 16 16 16 16 16 16 16 16 16 16 16 16 16 14 14 14 14 14 14 14 14 14 14 14 14 14 14 . . . . 8 8 8 8 8 8 8 8 9 9 9 9 9 9 9 9 9
18 18 18 18 18 18 18 18 18 18 18 18 18 18 18 18 18 18 16 16 16 16 16 16 16 16 16 16 16 16 16 16 16 16 14 14 14 14 14 14 14 14 14 14 14 14 14 14 11 11 11 11 11 11 11 11 11 11 11 . 9 9 9 9 9 9 9 9 9
18 18 18 18 18 18 18 18 18 18 18 18 18 18 18 18 18 18 16 16 16 16 16 16 16 16 16 16 16 16 16 16 16 16 14 14 14 14 14 14 14 14 14 14 14 14 14 14 11 11 11 11 11 11 11 11 11 11 11 10 10 10 10 10 10 10 10 10 10
18 18 18 18 18 18 18 18 18 18 18 18 18 18 18 18 18 18 16 16 16 16 16 16 16 16 16 16 16 16 16 16 16 16 14 14 14 14 14 14 14 14 14 14 14 14 14 14 11 11 11 11 11 11 11 11 11 11 11 10 10 10 10 10 10 10 10 10 10
18 18 18 18 18 18 18 18 18 18 18 18 18 18 18 18 18 18 16 16 16 16 16 16 16 16 16 16 16 16 16 16 16 16 14 14 14 14 14 14 14 14 14 14 14 14 14 14 11 11 11 11 11 11 11 11 11 11 11 10 10 10 10 10 10 10 10 10 10
18 18 18 18 18 18 18 18 18 18 18 18 18 18 18 18 18 18 16 16 16 16 16 16 16 16 16 16 16 16 16 16 16 16 14 14 14 14 14 14 14 14 14 14 14 14 14 14 11 11 11 11 11 11 11 11 11 11 11 10 10 10 10 10 10 10 10 10 10
18 18 18 18 18 18 18 18 18 18 18 18 18 18 18 18 18 18 16 16 16 16 16 16 16 16 16 16 16 16 16 16 16 16 14 14 14 14 14 14 14 14 14 14 14 14 14 14 11 11 11 11 11 11 11 11 11 11 11 10 10 10 10 10 10 10 10 10 10
18 18 18 18 18 18 18 18 18 18 18 18 18 18 18 18 18 18 16 16 16 16 16 16 16 16 16 16 16 16 16 16 16 16 14 14 14 14 14 14 14 14 14 14 14 14 14 14 11 11 11 11 11 11 11 11 11 11 11 10 10 10 10 10 10 10 10 10 10
18 18 18 18 18 18 18 18 18 18 18 18 18 18 18 18 18 18 16 16 16 16 16 16 16 16 16 16 16 16 16 16 16 16 14 14 14 14 14 14 14 14 14 14 14 14 14 14 11 11 11 11 11 11 11 11 11 11 11 10 10 10 10 10 10 10 10 10 10
18 18 18 18 18 18 18 18 18 18 18 18 18 18 18 18 18 18 16 16 16 16 16 16 16 16 16 16 16 16 16 16 16 16 14 14 14 14 14 14 14 14 14 14 14 14 14 14 11 11 11 11 11 11 11 11 11 11 11 10 10 10 10 10 10 10 10 10 10
18 18 18 18 18 18 18 18 18 18 18 18 18 18 18 18 18 18 16 16 16 16 16 16 16 16 16 16 16 16 16 16 16 16 14 14 14 14 14 14 14 14 14 14 14 14 14 14 11 11 11 11 11 11 11 11 11 11 11 10 10 10 10 10 10 10 10 10 10
18 18 18 18 18 18 18 18 18 18 18 18 18 18 18 18 18 18 16 16 16 16 16 16 16 16 16 16 16 16 16 16 16 16 14 14 14 14 14 14 14 14 14 14 14 14 14 14 11 11 11 11 11 11 11 11 11 11 11 10 10 10 10 10 10 10 10 10 10


Square 1 (size 1) is at (34, 14)
Square 2 (size 2) is at (50, 12)
Square 3 (size 3) is at (54, 28)
Square 4 (size 4) is at (53, 24)
Square 5 (size 5) is at (52, 19)
Square 6 (size 6) is at (1, 18)
Square 7 (size 7) is at (0, 24)
Square 8 (size 8) is at (52, 11)
Square 9 (size 9) is at (60, 10)
Square 10 (size 10) is at (59, 0)
Square 11 (size 11) is at (48, 0)
Square 12 (size 12) is at (57, 19)
Square 13 (size 13) is at (7, 18)
Square 14 (size 14) is at (34, 0)
Square 15 (size 15) is at (20, 16)
Square 16 (size 16) is at (18, 0)
Square 17 (size 17) is at (35, 14)
Square 18 (size 18) is at (0, 0)


Solving for n=19 squares
Found better solution with area 2500 for W=50 and H=50
Found better solution with area 2499 for W=51 and H=49
Found better solution with area 2496 for W=52 and H=48
Found better solution with area 2491 for W=53 and H=47
==================================================
SEARCH STATISTICS
==================================================
  Rectangles tried : 26
  SAT calls        : 4
  UNSAT calls      : 22
  Total conflicts  : 2617158
  Total decisions  : 4168142
  Total propagations: 361323498
  Total restarts   : 9880
  Total time       : 104.823s


     W    H Result     Time  Conflicts / Decisions
  ---- ---- ------ --------  ---
    50   50    SAT   4.103s
    51   49    SAT   3.096s
    52   48    SAT  22.119s
    53   47    SAT  11.946s
    54   46  UNSAT  31.304s
    55   45  UNSAT   2.757s
    59   42  UNSAT   0.062s
    62   40  UNSAT   1.231s
    65   38  UNSAT   4.265s
    67   37  UNSAT   2.372s
    69   36  UNSAT   3.984s
    71   35  UNSAT   3.739s
    73   34  UNSAT   5.241s
    75   33  UNSAT   6.468s
    80   31  UNSAT   1.538s
    83   30  UNSAT   0.027s
    92   27  UNSAT   0.029s
    95   26  UNSAT   0.030s
    99   25  UNSAT   0.033s
   103   24  UNSAT   0.033s
   108   23  UNSAT   0.034s
   113   22  UNSAT   0.043s
   118   21  UNSAT   0.044s
   124   20  UNSAT   0.104s
   130   19  UNSAT   0.104s
   131   19  UNSAT   0.116s
==================================================
Best solution found: 53x47 rectangle with area 2491

53x47 rectangle:

13 13 13 13 13 13 13 13 13 13 13 13 13 12 12 12 12 12 12 12 12 12 12 12 12 11 11 11 11 11 11 11 11 11 11 11 17 17 17 17 17 17 17 17 17 17 17 17 17 17 17 17 17
13 13 13 13 13 13 13 13 13 13 13 13 13 12 12 12 12 12 12 12 12 12 12 12 12 11 11 11 11 11 11 11 11 11 11 11 17 17 17 17 17 17 17 17 17 17 17 17 17 17 17 17 17
13 13 13 13 13 13 13 13 13 13 13 13 13 12 12 12 12 12 12 12 12 12 12 12 12 11 11 11 11 11 11 11 11 11 11 11 17 17 17 17 17 17 17 17 17 17 17 17 17 17 17 17 17
13 13 13 13 13 13 13 13 13 13 13 13 13 12 12 12 12 12 12 12 12 12 12 12 12 11 11 11 11 11 11 11 11 11 11 11 17 17 17 17 17 17 17 17 17 17 17 17 17 17 17 17 17
13 13 13 13 13 13 13 13 13 13 13 13 13 12 12 12 12 12 12 12 12 12 12 12 12 11 11 11 11 11 11 11 11 11 11 11 17 17 17 17 17 17 17 17 17 17 17 17 17 17 17 17 17
13 13 13 13 13 13 13 13 13 13 13 13 13 12 12 12 12 12 12 12 12 12 12 12 12 11 11 11 11 11 11 11 11 11 11 11 17 17 17 17 17 17 17 17 17 17 17 17 17 17 17 17 17
13 13 13 13 13 13 13 13 13 13 13 13 13 12 12 12 12 12 12 12 12 12 12 12 12 11 11 11 11 11 11 11 11 11 11 11 17 17 17 17 17 17 17 17 17 17 17 17 17 17 17 17 17
13 13 13 13 13 13 13 13 13 13 13 13 13 12 12 12 12 12 12 12 12 12 12 12 12 11 11 11 11 11 11 11 11 11 11 11 17 17 17 17 17 17 17 17 17 17 17 17 17 17 17 17 17
13 13 13 13 13 13 13 13 13 13 13 13 13 12 12 12 12 12 12 12 12 12 12 12 12 11 11 11 11 11 11 11 11 11 11 11 17 17 17 17 17 17 17 17 17 17 17 17 17 17 17 17 17
13 13 13 13 13 13 13 13 13 13 13 13 13 12 12 12 12 12 12 12 12 12 12 12 12 11 11 11 11 11 11 11 11 11 11 11 17 17 17 17 17 17 17 17 17 17 17 17 17 17 17 17 17
13 13 13 13 13 13 13 13 13 13 13 13 13 12 12 12 12 12 12 12 12 12 12 12 12 11 11 11 11 11 11 11 11 11 11 11 17 17 17 17 17 17 17 17 17 17 17 17 17 17 17 17 17
13 13 13 13 13 13 13 13 13 13 13 13 13 12 12 12 12 12 12 12 12 12 12 12 12 3 3 3 8 8 8 8 8 8 8 8 17 17 17 17 17 17 17 17 17 17 17 17 17 17 17 17 17
13 13 13 13 13 13 13 13 13 13 13 13 13 . . 7 7 7 7 7 7 7 . . . 3 3 3 8 8 8 8 8 8 8 8 17 17 17 17 17 17 17 17 17 17 17 17 17 17 17 17 17
15 15 15 15 15 15 15 15 15 15 15 15 15 15 15 7 7 7 7 7 7 7 . . . 3 3 3 8 8 8 8 8 8 8 8 17 17 17 17 17 17 17 17 17 17 17 17 17 17 17 17 17
15 15 15 15 15 15 15 15 15 15 15 15 15 15 15 7 7 7 7 7 7 7 6 6 6 6 6 6 8 8 8 8 8 8 8 8 17 17 17 17 17 17 17 17 17 17 17 17 17 17 17 17 17
15 15 15 15 15 15 15 15 15 15 15 15 15 15 15 7 7 7 7 7 7 7 6 6 6 6 6 6 8 8 8 8 8 8 8 8 17 17 17 17 17 17 17 17 17 17 17 17 17 17 17 17 17
15 15 15 15 15 15 15 15 15 15 15 15 15 15 15 7 7 7 7 7 7 7 6 6 6 6 6 6 8 8 8 8 8 8 8 8 17 17 17 17 17 17 17 17 17 17 17 17 17 17 17 17 17
15 15 15 15 15 15 15 15 15 15 15 15 15 15 15 7 7 7 7 7 7 7 6 6 6 6 6 6 8 8 8 8 8 8 8 8 2 2 . 14 14 14 14 14 14 14 14 14 14 14 14 14 14
15 15 15 15 15 15 15 15 15 15 15 15 15 15 15 7 7 7 7 7 7 7 6 6 6 6 6 6 8 8 8 8 8 8 8 8 2 2 1 14 14 14 14 14 14 14 14 14 14 14 14 14 14
15 15 15 15 15 15 15 15 15 15 15 15 15 15 15 . 4 4 4 4 . . 6 6 6 6 6 6 . 10 10 10 10 10 10 10 10 10 10 14 14 14 14 14 14 14 14 14 14 14 14 14 14
15 15 15 15 15 15 15 15 15 15 15 15 15 15 15 . 4 4 4 4 9 9 9 9 9 9 9 9 9 10 10 10 10 10 10 10 10 10 10 14 14 14 14 14 14 14 14 14 14 14 14 14 14
15 15 15 15 15 15 15 15 15 15 15 15 15 15 15 . 4 4 4 4 9 9 9 9 9 9 9 9 9 10 10 10 10 10 10 10 10 10 10 14 14 14 14 14 14 14 14 14 14 14 14 14 14
15 15 15 15 15 15 15 15 15 15 15 15 15 15 15 . 4 4 4 4 9 9 9 9 9 9 9 9 9 10 10 10 10 10 10 10 10 10 10 14 14 14 14 14 14 14 14 14 14 14 14 14 14
15 15 15 15 15 15 15 15 15 15 15 15 15 15 15 5 5 5 5 5 9 9 9 9 9 9 9 9 9 10 10 10 10 10 10 10 10 10 10 14 14 14 14 14 14 14 14 14 14 14 14 14 14
15 15 15 15 15 15 15 15 15 15 15 15 15 15 15 5 5 5 5 5 9 9 9 9 9 9 9 9 9 10 10 10 10 10 10 10 10 10 10 14 14 14 14 14 14 14 14 14 14 14 14 14 14
15 15 15 15 15 15 15 15 15 15 15 15 15 15 15 5 5 5 5 5 9 9 9 9 9 9 9 9 9 10 10 10 10 10 10 10 10 10 10 14 14 14 14 14 14 14 14 14 14 14 14 14 14
15 15 15 15 15 15 15 15 15 15 15 15 15 15 15 5 5 5 5 5 9 9 9 9 9 9 9 9 9 10 10 10 10 10 10 10 10 10 10 14 14 14 14 14 14 14 14 14 14 14 14 14 14
15 15 15 15 15 15 15 15 15 15 15 15 15 15 15 5 5 5 5 5 9 9 9 9 9 9 9 9 9 10 10 10 10 10 10 10 10 10 10 14 14 14 14 14 14 14 14 14 14 14 14 14 14
19 19 19 19 19 19 19 19 19 19 19 19 19 19 19 19 19 19 19 . 9 9 9 9 9 9 9 9 9 10 10 10 10 10 10 10 10 10 10 14 14 14 14 14 14 14 14 14 14 14 14 14 14
19 19 19 19 19 19 19 19 19 19 19 19 19 19 19 19 19 19 19 18 18 18 18 18 18 18 18 18 18 18 18 18 18 18 18 18 18 . . 14 14 14 14 14 14 14 14 14 14 14 14 14 14
19 19 19 19 19 19 19 19 19 19 19 19 19 19 19 19 19 19 19 18 18 18 18 18 18 18 18 18 18 18 18 18 18 18 18 18 18 . . 14 14 14 14 14 14 14 14 14 14 14 14 14 14
19 19 19 19 19 19 19 19 19 19 19 19 19 19 19 19 19 19 19 18 18 18 18 18 18 18 18 18 18 18 18 18 18 18 18 18 18 16 16 16 16 16 16 16 16 16 16 16 16 16 16 16 16
19 19 19 19 19 19 19 19 19 19 19 19 19 19 19 19 19 19 19 18 18 18 18 18 18 18 18 18 18 18 18 18 18 18 18 18 18 16 16 16 16 16 16 16 16 16 16 16 16 16 16 16 16
19 19 19 19 19 19 19 19 19 19 19 19 19 19 19 19 19 19 19 18 18 18 18 18 18 18 18 18 18 18 18 18 18 18 18 18 18 16 16 16 16 16 16 16 16 16 16 16 16 16 16 16 16
19 19 19 19 19 19 19 19 19 19 19 19 19 19 19 19 19 19 19 18 18 18 18 18 18 18 18 18 18 18 18 18 18 18 18 18 18 16 16 16 16 16 16 16 16 16 16 16 16 16 16 16 16
19 19 19 19 19 19 19 19 19 19 19 19 19 19 19 19 19 19 19 18 18 18 18 18 18 18 18 18 18 18 18 18 18 18 18 18 18 16 16 16 16 16 16 16 16 16 16 16 16 16 16 16 16
19 19 19 19 19 19 19 19 19 19 19 19 19 19 19 19 19 19 19 18 18 18 18 18 18 18 18 18 18 18 18 18 18 18 18 18 18 16 16 16 16 16 16 16 16 16 16 16 16 16 16 16 16
19 19 19 19 19 19 19 19 19 19 19 19 19 19 19 19 19 19 19 18 18 18 18 18 18 18 18 18 18 18 18 18 18 18 18 18 18 16 16 16 16 16 16 16 16 16 16 16 16 16 16 16 16
19 19 19 19 19 19 19 19 19 19 19 19 19 19 19 19 19 19 19 18 18 18 18 18 18 18 18 18 18 18 18 18 18 18 18 18 18 16 16 16 16 16 16 16 16 16 16 16 16 16 16 16 16
19 19 19 19 19 19 19 19 19 19 19 19 19 19 19 19 19 19 19 18 18 18 18 18 18 18 18 18 18 18 18 18 18 18 18 18 18 16 16 16 16 16 16 16 16 16 16 16 16 16 16 16 16
19 19 19 19 19 19 19 19 19 19 19 19 19 19 19 19 19 19 19 18 18 18 18 18 18 18 18 18 18 18 18 18 18 18 18 18 18 16 16 16 16 16 16 16 16 16 16 16 16 16 16 16 16
19 19 19 19 19 19 19 19 19 19 19 19 19 19 19 19 19 19 19 18 18 18 18 18 18 18 18 18 18 18 18 18 18 18 18 18 18 16 16 16 16 16 16 16 16 16 16 16 16 16 16 16 16
19 19 19 19 19 19 19 19 19 19 19 19 19 19 19 19 19 19 19 18 18 18 18 18 18 18 18 18 18 18 18 18 18 18 18 18 18 16 16 16 16 16 16 16 16 16 16 16 16 16 16 16 16
19 19 19 19 19 19 19 19 19 19 19 19 19 19 19 19 19 19 19 18 18 18 18 18 18 18 18 18 18 18 18 18 18 18 18 18 18 16 16 16 16 16 16 16 16 16 16 16 16 16 16 16 16
19 19 19 19 19 19 19 19 19 19 19 19 19 19 19 19 19 19 19 18 18 18 18 18 18 18 18 18 18 18 18 18 18 18 18 18 18 16 16 16 16 16 16 16 16 16 16 16 16 16 16 16 16
19 19 19 19 19 19 19 19 19 19 19 19 19 19 19 19 19 19 19 18 18 18 18 18 18 18 18 18 18 18 18 18 18 18 18 18 18 16 16 16 16 16 16 16 16 16 16 16 16 16 16 16 16
19 19 19 19 19 19 19 19 19 19 19 19 19 19 19 19 19 19 19 18 18 18 18 18 18 18 18 18 18 18 18 18 18 18 18 18 18 16 16 16 16 16 16 16 16 16 16 16 16 16 16 16 16


Square 1 (size 1) is at (38, 28)
Square 2 (size 2) is at (36, 28)
Square 3 (size 3) is at (25, 33)
Square 4 (size 4) is at (16, 24)
Square 5 (size 5) is at (15, 19)
Square 6 (size 6) is at (22, 27)
Square 7 (size 7) is at (15, 28)
Square 8 (size 8) is at (28, 28)
Square 9 (size 9) is at (20, 18)
Square 10 (size 10) is at (29, 18)
Square 11 (size 11) is at (25, 36)
Square 12 (size 12) is at (13, 35)
Square 13 (size 13) is at (0, 34)
Square 14 (size 14) is at (39, 16)
Square 15 (size 15) is at (0, 19)
Square 16 (size 16) is at (37, 0)
Square 17 (size 17) is at (36, 30)
Square 18 (size 18) is at (19, 0)
Square 19 (size 19) is at (0, 0)


Solving for n=20 squares
Found better solution with area 2916 for W=54 and H=54
Found better solution with area 2915 for W=55 and H=53
Found better solution with area 2912 for W=56 and H=52
Found better solution with area 2907 for W=57 and H=51
Found better solution with area 2900 for W=58 and H=50
Found better solution with area 2890 for W=85 and H=34
==================================================
SEARCH STATISTICS
==================================================
  Rectangles tried : 33
  SAT calls        : 6
  UNSAT calls      : 27
  Total conflicts  : 6518064
  Total decisions  : 10361935
  Total propagations: 996679851
  Total restarts   : 22233
  Total time       : 304.431s


     W    H Result     Time  Conflicts / Decisions
  ---- ---- ------ --------  ---
    54   54    SAT   1.006s
    55   53    SAT   6.306s
    56   52    SAT  19.374s
    57   51    SAT  18.660s
    58   50    SAT  26.975s
    59   49  UNSAT  76.651s
    60   48  UNSAT   9.549s
    63   46  UNSAT   0.363s
    64   45  UNSAT   0.212s
    67   43  UNSAT   5.897s
    69   42  UNSAT  14.838s
    70   41  UNSAT   6.567s
    72   40  UNSAT   3.106s
    74   39  UNSAT   4.466s
    76   38  UNSAT   5.075s
    78   37  UNSAT  25.882s
    80   36  UNSAT  31.287s
    82   35  UNSAT  33.679s
    85   34    SAT   0.472s
    87   33  UNSAT   8.093s
    90   32  UNSAT   4.131s
    93   31  UNSAT   0.408s
    96   30  UNSAT   0.035s
    99   29  UNSAT   0.035s
   103   28  UNSAT   0.036s
   107   27  UNSAT   0.038s
   111   26  UNSAT   0.041s
   115   25  UNSAT   0.040s
   120   24  UNSAT   0.050s
   125   23  UNSAT   0.053s
   131   22  UNSAT   0.052s
   137   21  UNSAT   0.115s
   144   20  UNSAT   0.940s
==================================================
Best solution found: 85x34 rectangle with area 2890

85x34 rectangle:

14 14 14 14 14 14 14 14 14 14 14 14 14 14 7 7 7 7 7 7 7 10 10 10 10 10 10 10 10 10 10 18 18 18 18 18 18 18 18 18 18 18 18 18 18 18 18 18 18 9 9 9 9 9 9 9 9 9 12 12 12 12 12 12 12 12 12 12 12 12 15 15 15 15 15 15 15 15 15 15 15 15 15 15 15
14 14 14 14 14 14 14 14 14 14 14 14 14 14 7 7 7 7 7 7 7 10 10 10 10 10 10 10 10 10 10 18 18 18 18 18 18 18 18 18 18 18 18 18 18 18 18 18 18 9 9 9 9 9 9 9 9 9 12 12 12 12 12 12 12 12 12 12 12 12 15 15 15 15 15 15 15 15 15 15 15 15 15 15 15
14 14 14 14 14 14 14 14 14 14 14 14 14 14 7 7 7 7 7 7 7 10 10 10 10 10 10 10 10 10 10 18 18 18 18 18 18 18 18 18 18 18 18 18 18 18 18 18 18 9 9 9 9 9 9 9 9 9 12 12 12 12 12 12 12 12 12 12 12 12 15 15 15 15 15 15 15 15 15 15 15 15 15 15 15
14 14 14 14 14 14 14 14 14 14 14 14 14 14 7 7 7 7 7 7 7 10 10 10 10 10 10 10 10 10 10 18 18 18 18 18 18 18 18 18 18 18 18 18 18 18 18 18 18 9 9 9 9 9 9 9 9 9 12 12 12 12 12 12 12 12 12 12 12 12 15 15 15 15 15 15 15 15 15 15 15 15 15 15 15
14 14 14 14 14 14 14 14 14 14 14 14 14 14 7 7 7 7 7 7 7 10 10 10 10 10 10 10 10 10 10 18 18 18 18 18 18 18 18 18 18 18 18 18 18 18 18 18 18 9 9 9 9 9 9 9 9 9 12 12 12 12 12 12 12 12 12 12 12 12 15 15 15 15 15 15 15 15 15 15 15 15 15 15 15
14 14 14 14 14 14 14 14 14 14 14 14 14 14 7 7 7 7 7 7 7 10 10 10 10 10 10 10 10 10 10 18 18 18 18 18 18 18 18 18 18 18 18 18 18 18 18 18 18 9 9 9 9 9 9 9 9 9 12 12 12 12 12 12 12 12 12 12 12 12 15 15 15 15 15 15 15 15 15 15 15 15 15 15 15
14 14 14 14 14 14 14 14 14 14 14 14 14 14 7 7 7 7 7 7 7 10 10 10 10 10 10 10 10 10 10 18 18 18 18 18 18 18 18 18 18 18 18 18 18 18 18 18 18 9 9 9 9 9 9 9 9 9 12 12 12 12 12 12 12 12 12 12 12 12 15 15 15 15 15 15 15 15 15 15 15 15 15 15 15
14 14 14 14 14 14 14 14 14 14 14 14 14 14 6 6 6 6 6 6 . 10 10 10 10 10 10 10 10 10 10 18 18 18 18 18 18 18 18 18 18 18 18 18 18 18 18 18 18 9 9 9 9 9 9 9 9 9 12 12 12 12 12 12 12 12 12 12 12 12 15 15 15 15 15 15 15 15 15 15 15 15 15 15 15
14 14 14 14 14 14 14 14 14 14 14 14 14 14 6 6 6 6 6 6 . 10 10 10 10 10 10 10 10 10 10 18 18 18 18 18 18 18 18 18 18 18 18 18 18 18 18 18 18 9 9 9 9 9 9 9 9 9 12 12 12 12 12 12 12 12 12 12 12 12 15 15 15 15 15 15 15 15 15 15 15 15 15 15 15
14 14 14 14 14 14 14 14 14 14 14 14 14 14 6 6 6 6 6 6 1 10 10 10 10 10 10 10 10 10 10 18 18 18 18 18 18 18 18 18 18 18 18 18 18 18 18 18 18 8 8 8 8 8 8 8 8 . 12 12 12 12 12 12 12 12 12 12 12 12 15 15 15 15 15 15 15 15 15 15 15 15 15 15 15
14 14 14 14 14 14 14 14 14 14 14 14 14 14 6 6 6 6 6 6 11 11 11 11 11 11 11 11 11 11 11 18 18 18 18 18 18 18 18 18 18 18 18 18 18 18 18 18 18 8 8 8 8 8 8 8 8 . 12 12 12 12 12 12 12 12 12 12 12 12 15 15 15 15 15 15 15 15 15 15 15 15 15 15 15
14 14 14 14 14 14 14 14 14 14 14 14 14 14 6 6 6 6 6 6 11 11 11 11 11 11 11 11 11 11 11 18 18 18 18 18 18 18 18 18 18 18 18 18 18 18 18 18 18 8 8 8 8 8 8 8 8 . 12 12 12 12 12 12 12 12 12 12 12 12 15 15 15 15 15 15 15 15 15 15 15 15 15 15 15
14 14 14 14 14 14 14 14 14 14 14 14 14 14 6 6 6 6 6 6 11 11 11 11 11 11 11 11 11 11 11 18 18 18 18 18 18 18 18 18 18 18 18 18 18 18 18 18 18 8 8 8 8 8 8 8 8 5 5 5 5 5 4 4 4 4 3 3 3 . 15 15 15 15 15 15 15 15 15 15 15 15 15 15 15
14 14 14 14 14 14 14 14 14 14 14 14 14 14 . . . . . . 11 11 11 11 11 11 11 11 11 11 11 18 18 18 18 18 18 18 18 18 18 18 18 18 18 18 18 18 18 8 8 8 8 8 8 8 8 5 5 5 5 5 4 4 4 4 3 3 3 . 15 15 15 15 15 15 15 15 15 15 15 15 15 15 15
20 20 20 20 20 20 20 20 20 20 20 20 20 20 20 20 20 20 20 20 11 11 11 11 11 11 11 11 11 11 11 18 18 18 18 18 18 18 18 18 18 18 18 18 18 18 18 18 18 8 8 8 8 8 8 8 8 5 5 5 5 5 4 4 4 4 3 3 3 . 15 15 15 15 15 15 15 15 15 15 15 15 15 15 15
20 20 20 20 20 20 20 20 20 20 20 20 20 20 20 20 20 20 20 20 11 11 11 11 11 11 11 11 11 11 11 18 18 18 18 18 18 18 18 18 18 18 18 18 18 18 18 18 18 8 8 8 8 8 8 8 8 5 5 5 5 5 4 4 4 4 19 19 19 19 19 19 19 19 19 19 19 19 19 19 19 19 19 19 19
20 20 20 20 20 20 20 20 20 20 20 20 20 20 20 20 20 20 20 20 11 11 11 11 11 11 11 11 11 11 11 18 18 18 18 18 18 18 18 18 18 18 18 18 18 18 18 18 18 8 8 8 8 8 8 8 8 5 5 5 5 5 . . . . 19 19 19 19 19 19 19 19 19 19 19 19 19 19 19 19 19 19 19
20 20 20 20 20 20 20 20 20 20 20 20 20 20 20 20 20 20 20 20 11 11 11 11 11 11 11 11 11 11 11 18 18 18 18 18 18 18 18 18 18 18 18 18 18 18 18 18 18 17 17 17 17 17 17 17 17 17 17 17 17 17 17 17 17 17 19 19 19 19 19 19 19 19 19 19 19 19 19 19 19 19 19 19 19
20 20 20 20 20 20 20 20 20 20 20 20 20 20 20 20 20 20 20 20 11 11 11 11 11 11 11 11 11 11 11 2 2 16 16 16 16 16 16 16 16 16 16 16 16 16 16 16 16 17 17 17 17 17 17 17 17 17 17 17 17 17 17 17 17 17 19 19 19 19 19 19 19 19 19 19 19 19 19 19 19 19 19 19 19
20 20 20 20 20 20 20 20 20 20 20 20 20 20 20 20 20 20 20 20 11 11 11 11 11 11 11 11 11 11 11 2 2 16 16 16 16 16 16 16 16 16 16 16 16 16 16 16 16 17 17 17 17 17 17 17 17 17 17 17 17 17 17 17 17 17 19 19 19 19 19 19 19 19 19 19 19 19 19 19 19 19 19 19 19
20 20 20 20 20 20 20 20 20 20 20 20 20 20 20 20 20 20 20 20 11 11 11 11 11 11 11 11 11 11 11 . . 16 16 16 16 16 16 16 16 16 16 16 16 16 16 16 16 17 17 17 17 17 17 17 17 17 17 17 17 17 17 17 17 17 19 19 19 19 19 19 19 19 19 19 19 19 19 19 19 19 19 19 19
20 20 20 20 20 20 20 20 20 20 20 20 20 20 20 20 20 20 20 20 13 13 13 13 13 13 13 13 13 13 13 13 13 16 16 16 16 16 16 16 16 16 16 16 16 16 16 16 16 17 17 17 17 17 17 17 17 17 17 17 17 17 17 17 17 17 19 19 19 19 19 19 19 19 19 19 19 19 19 19 19 19 19 19 19
20 20 20 20 20 20 20 20 20 20 20 20 20 20 20 20 20 20 20 20 13 13 13 13 13 13 13 13 13 13 13 13 13 16 16 16 16 16 16 16 16 16 16 16 16 16 16 16 16 17 17 17 17 17 17 17 17 17 17 17 17 17 17 17 17 17 19 19 19 19 19 19 19 19 19 19 19 19 19 19 19 19 19 19 19
20 20 20 20 20 20 20 20 20 20 20 20 20 20 20 20 20 20 20 20 13 13 13 13 13 13 13 13 13 13 13 13 13 16 16 16 16 16 16 16 16 16 16 16 16 16 16 16 16 17 17 17 17 17 17 17 17 17 17 17 17 17 17 17 17 17 19 19 19 19 19 19 19 19 19 19 19 19 19 19 19 19 19 19 19
20 20 20 20 20 20 20 20 20 20 20 20 20 20 20 20 20 20 20 20 13 13 13 13 13 13 13 13 13 13 13 13 13 16 16 16 16 16 16 16 16 16 16 16 16 16 16 16 16 17 17 17 17 17 17 17 17 17 17 17 17 17 17 17 17 17 19 19 19 19 19 19 19 19 19 19 19 19 19 19 19 19 19 19 19
20 20 20 20 20 20 20 20 20 20 20 20 20 20 20 20 20 20 20 20 13 13 13 13 13 13 13 13 13 13 13 13 13 16 16 16 16 16 16 16 16 16 16 16 16 16 16 16 16 17 17 17 17 17 17 17 17 17 17 17 17 17 17 17 17 17 19 19 19 19 19 19 19 19 19 19 19 19 19 19 19 19 19 19 19
20 20 20 20 20 20 20 20 20 20 20 20 20 20 20 20 20 20 20 20 13 13 13 13 13 13 13 13 13 13 13 13 13 16 16 16 16 16 16 16 16 16 16 16 16 16 16 16 16 17 17 17 17 17 17 17 17 17 17 17 17 17 17 17 17 17 19 19 19 19 19 19 19 19 19 19 19 19 19 19 19 19 19 19 19
20 20 20 20 20 20 20 20 20 20 20 20 20 20 20 20 20 20 20 20 13 13 13 13 13 13 13 13 13 13 13 13 13 16 16 16 16 16 16 16 16 16 16 16 16 16 16 16 16 17 17 17 17 17 17 17 17 17 17 17 17 17 17 17 17 17 19 19 19 19 19 19 19 19 19 19 19 19 19 19 19 19 19 19 19
20 20 20 20 20 20 20 20 20 20 20 20 20 20 20 20 20 20 20 20 13 13 13 13 13 13 13 13 13 13 13 13 13 16 16 16 16 16 16 16 16 16 16 16 16 16 16 16 16 17 17 17 17 17 17 17 17 17 17 17 17 17 17 17 17 17 19 19 19 19 19 19 19 19 19 19 19 19 19 19 19 19 19 19 19
20 20 20 20 20 20 20 20 20 20 20 20 20 20 20 20 20 20 20 20 13 13 13 13 13 13 13 13 13 13 13 13 13 16 16 16 16 16 16 16 16 16 16 16 16 16 16 16 16 17 17 17 17 17 17 17 17 17 17 17 17 17 17 17 17 17 19 19 19 19 19 19 19 19 19 19 19 19 19 19 19 19 19 19 19
20 20 20 20 20 20 20 20 20 20 20 20 20 20 20 20 20 20 20 20 13 13 13 13 13 13 13 13 13 13 13 13 13 16 16 16 16 16 16 16 16 16 16 16 16 16 16 16 16 17 17 17 17 17 17 17 17 17 17 17 17 17 17 17 17 17 19 19 19 19 19 19 19 19 19 19 19 19 19 19 19 19 19 19 19
20 20 20 20 20 20 20 20 20 20 20 20 20 20 20 20 20 20 20 20 13 13 13 13 13 13 13 13 13 13 13 13 13 16 16 16 16 16 16 16 16 16 16 16 16 16 16 16 16 17 17 17 17 17 17 17 17 17 17 17 17 17 17 17 17 17 19 19 19 19 19 19 19 19 19 19 19 19 19 19 19 19 19 19 19
20 20 20 20 20 20 20 20 20 20 20 20 20 20 20 20 20 20 20 20 13 13 13 13 13 13 13 13 13 13 13 13 13 16 16 16 16 16 16 16 16 16 16 16 16 16 16 16 16 17 17 17 17 17 17 17 17 17 17 17 17 17 17 17 17 17 19 19 19 19 19 19 19 19 19 19 19 19 19 19 19 19 19 19 19
20 20 20 20 20 20 20 20 20 20 20 20 20 20 20 20 20 20 20 20 13 13 13 13 13 13 13 13 13 13 13 13 13 16 16 16 16 16 16 16 16 16 16 16 16 16 16 16 16 17 17 17 17 17 17 17 17 17 17 17 17 17 17 17 17 17 19 19 19 19 19 19 19 19 19 19 19 19 19 19 19 19 19 19 19


Square 1 (size 1) is at (20, 24)
Square 2 (size 2) is at (31, 14)
Square 3 (size 3) is at (66, 19)
Square 4 (size 4) is at (62, 18)
Square 5 (size 5) is at (57, 17)
Square 6 (size 6) is at (14, 21)
Square 7 (size 7) is at (14, 27)
Square 8 (size 8) is at (49, 17)
Square 9 (size 9) is at (49, 25)
Square 10 (size 10) is at (21, 24)
Square 11 (size 11) is at (20, 13)
Square 12 (size 12) is at (58, 22)
Square 13 (size 13) is at (20, 0)
Square 14 (size 14) is at (0, 20)
Square 15 (size 15) is at (70, 19)
Square 16 (size 16) is at (33, 0)
Square 17 (size 17) is at (49, 0)
Square 18 (size 18) is at (31, 16)
Square 19 (size 19) is at (66, 0)
Square 20 (size 20) is at (0, 0)
